60000 -802.35868
60000 -805.78498
61000 232.0418
62000 -16292.358
63000 3446.6671
64000 7983.6123
65000 742.44124
66000 480.92996
67000 -1725.5557
68000 1556.2845
69000 -3241.8802
70000 2756.0596
71000 -4650.958
72000 7969.2263
73000 -17647.763
74000 4550.5547
75000 1341.0763
76000 559.22749
77000 -6139.0072
78000 11557.406
79000 -15811.847
80000 7904.9517
81000 13385.773
82000 3914.5063
83000 2766.4498
84000 -7440.4593
85000 -3307.7666
86000 -14433.246
87000 3699.4293
88000 3125.972
89000 2070.806
90000 8083.1962
91000 -9076.4831
92000 8955.8843
93000 -1031.5838
94000 -9346.3126
95000 201.5331
96000 14554.031
97000 -4091.7186
98000 -8409.8851
99000 3788.4972
100000 -9327.906
101000 -6504.2747
102000 -1431.7661
103000 2933.7471
104000 -7286.997
105000 6037.6364
106000 2929.756
107000 14660.71
108000 -3650.5569
109000 7922.3282
110000 13953.915
111000 -14029.661
112000 10154.324
113000 300.73635
114000 8251.6697
115000 2552.9475
116000 -8445.6009
117000 3191.6704
118000 -3413.2895
119000 -2748.2281
120000 -67.694643
121000 6301.9409
122000 -4059.8648
123000 3925.7135
124000 -1348.7324
125000 1569.2519
126000 1980.0789
127000 10824.818
128000 1599.2716
129000 -11709.601
130000 -3753.4755
131000 -4793.6175
132000 -1535.2313
133000 -7233.6748
134000 -4909.7011
135000 -8158.6313
136000 4120.1022
137000 8501.7055
138000 -8614.5358
139000 11060.772
140000 8741.885
141000 8231.7363
142000 -3481.0659
143000 -9011.1502
144000 1080.2562
145000 1474.6665
146000 4461.4734
147000 6403.3577
148000 7136.1006
149000 562.6345
150000 -2277.462
151000 1817.3782
152000 282.92295
153000 -6533.845
154000 -1765.6438
155000 3396.4894
156000 -6891.225
157000 3978.7622
158000 13502.448
159000 5333.1181
160000 8446.7067
161000 6065.899
162000 -4036.0071
163000 2541.8854
164000 3231.4877
165000 -8355.9176
166000 3302.7446
167000 -1435.7652
168000 -5081.7289
169000 450.94228
170000 5377.2215
171000 5622.5733
172000 -9795.1703
173000 4362.8152
174000 -8308.0823
175000 -1258.0953
176000 4160.8177
177000 5367.0771
178000 -6134.3158
179000 -8360.7879
180000 -5796.5094
181000 9277.2234
182000 -10458.612
183000 -286.38723
184000 -12504.159
185000 21170.605
186000 -7693.5302
187000 6388.2443
188000 2999.1247
189000 -948.82235
190000 912.04295
191000 10923.53
192000 -10054.138
193000 8910.1226
194000 3873.1054
195000 10267.576
196000 -2339.7707
197000 7049.7847
198000 -9621.3288
199000 277.76312
200000 -2128.1309
201000 9067.1101
202000 -8374.9655
203000 4204.0781
204000 1746.9061
205000 7386.7144
206000 5010.0208
207000 8785.4058
208000 -2581.7009
209000 -6621.3409
210000 -15757.388
211000 -6191.3998
212000 -2889.1649
213000 9662.9591
214000 7736.3501
215000 8983.2405
216000 -5404.8924
217000 5166.294
218000 2302.4976
219000 4307.6788
220000 9214.8053
221000 85.738244
222000 -4870.015
223000 -9226.6847
224000 -9734.7063
225000 -3564.9474
226000 84.149451
227000 -1557.1075
228000 -4463.4949
229000 3807.7662
230000 2832.2546
231000 308.09351
232000 -568.59742
233000 -2385.9288
234000 10280.569
235000 9435.0437
236000 5554.6042
237000 2790.5563
238000 -587.9605
239000 -1229.843
240000 7452.1675
241000 -13377.147
242000 6807.5689
243000 8402.2278
244000 2711.6952
245000 11801.867
246000 -7312.2908
247000 3231.2821
248000 7546.1252
249000 -5339.5619
250000 -5585.2101
251000 -16096.298
252000 9518.5651
253000 -4257.7618
254000 1919.5596
255000 5067.9397
256000 -2771.7687
257000 7464.775
258000 19343.341
259000 -2707.8836
260000 2042.6093
261000 1821.4573
262000 5321.4897
263000 5123.4571
264000 7719.6207
265000 529.59786
266000 -731.32217
267000 -7139.2457
268000 -5839.3405
269000 -5233.3734
270000 4666.9378
271000 -5201.0912
272000 1118.2219
273000 1169.2589
274000 -4620.8033
275000 852.38323
276000 11820.113
277000 3753.0545
278000 4100.6946
279000 232.59861
280000 -11668.176
281000 12472.712
282000 -3010.4838
283000 -2250.7163
284000 12937.895
285000 -5818.3002
286000 10517.431
287000 4857.0139
288000 2293.8961
289000 -10766.5
290000 14012.916
291000 -5539.8101
292000 2861.0104
293000 -7326.6143
294000 -5127.2236
295000 15244.678
296000 11701.699
297000 1499.2607
298000 87.65122
299000 4187.5899
300000 -862.70578
301000 -11254.735
302000 2674.1167
303000 1239.357
304000 -3135.68
305000 -6739.7191
306000 -1944.3315
307000 -1334.3108
308000 3343.3623
309000 -3314.0595
310000 10624.87
311000 -410.53449
312000 9028.6593
313000 -15693.402
314000 -2458.1645
315000 2722.3665
316000 -6096.3995
317000 -8425.5805
318000 5693.7111
319000 2161.0345
320000 -2550.1793
321000 4693.7145
322000 -2902.7871
323000 4714.1088
324000 -9550.9539
325000 -5868.4853
326000 5636.678
327000 4436.8649
328000 9037.4299
329000 -13940.145
330000 1181.3684
331000 2692.0628
332000 1512.2039
333000 14237.529
334000 -3391.4639
335000 -418.09728
336000 459.17535
337000 1926.5588
338000 3725.301
339000 5523.2873
340000 3351.3845
341000 -853.62691
342000 -5571.0965
343000 -3463.0088
344000 3433.8395
345000 -9196.1203
346000 12935.21
347000 -4167.1039
348000 2401.4463
349000 16552.702
350000 905.82263
351000 1249.4721
352000 643.28413
353000 -6731.6128
354000 7207.8715
355000 -3949.9681
356000 -5908.2693
357000 5321.3812
358000 -4168.9664
359000 -1802.0644
360000 10611.872
361000 3057.0556
362000 6621.9864
363000 -3566.2443
364000 8647.7247
365000 -10815.31
366000 5466.265
367000 -3167.1514
368000 -14322.358
369000 3110.6768
370000 -1732.8273
371000 9816.6243
372000 1199.7758
373000 -7383.3119
374000 -321.61819
375000 5401.8314
376000 7089.0764
377000 14598.815
378000 -1260.8433
379000 -8484.9279
380000 -2536.3322
381000 -4065.0899
382000 1400.8016
383000 -2771.4774
384000 4726.7028
385000 13722.513
386000 -14735.155
387000 13783.576
388000 2686.0584
389000 1479.067
390000 -9007.9898
391000 -8819.2184
392000 -4366.8381
393000 14317.963
394000 -5388.6975
395000 -6285.0474
396000 4536.4425
397000 5819.3942
398000 5027.7398
399000 11111.582
400000 -1909.4217
401000 6915.9709
402000 -6507.8614
403000 8555.3375
404000 5260.2711
405000 -9003.4186
406000 -427.25765
407000 -1871.3743
408000 -6783.8757
409000 -7282.6908
410000 5293.0172
411000 -1466.42
412000 -11617.501
413000 4148.7583
414000 2339.0398
415000 3841.487
416000 -455.08661
417000 -3341.0115
418000 5275.2358
419000 -4873.9245
420000 3480.2827
421000 -4250.5964
422000 -6638.1393
423000 -1985.0313
424000 -7129.3332
425000 8633.0586
426000 -6271.649
427000 4223.1286
428000 -6545.8389
429000 4844.124
430000 -2109.608
431000 3522.098
432000 -6638.3148
433000 -2424.4526
434000 -12975.785
435000 4171.9213
436000 15012.716
437000 4137.7842
438000 -6795.8429
439000 500.87522
440000 11193.363
441000 -690.03465
442000 2267.5223
443000 -6948.6896
444000 -2372.7449
445000 6046.2133
446000 -493.42501
447000 13698.21
448000 -938.75821
449000 5965.0088
450000 -2134.5635
451000 -13075.057
452000 8336.0377
453000 -9554.9676
454000 8788.9785
455000 16003.697
456000 -19698.87
457000 -823.77688
458000 5905.0429
459000 -266.63085
460000 4791.2858
461000 5576.8733
462000 10936.925
463000 1600.4968
464000 -618.59749
465000 -4404.5305
466000 3341.6368
467000 -13277.629
468000 926.94775
469000 7286.4909
470000 7831.4871
471000 -401.26966
472000 460.78906
473000 -4141.6657
474000 7832.7332
475000 -1665.3228
476000 16361.222
477000 1049.244
478000 709.163
479000 9370.9911
480000 822.86529
481000 5743.0781
482000 -9145.9021
483000 6663.055
484000 -9052.8093
485000 3897.0816
486000 -11597.274
487000 -5467.2335
488000 2683.8485
489000 1903.2407
490000 -4427.0722
491000 7622.6061
492000 9592.7484
493000 -1971.2843
494000 -1661.3374
495000 3911.6413
496000 585.59496
497000 841.82441
498000 1602.8616
499000 10455.65
500000 -10663.019
501000 14450.323
502000 -10215.493
503000 -11530.763
504000 -1295.7927
505000 11471.923
506000 -338.5341
507000 12885.534
508000 -437.80591
509000 -16149.555
510000 -2426.5059
511000 -3437.148
512000 8318.8268
513000 4546.5154
514000 -8397.0448
515000 3862.1955
516000 -3143.8071
517000 8674.6072
518000 2993.5455
519000 -7300.3983
520000 4815.0642
521000 -4739.5779
522000 3741.6091
523000 -52.137941
524000 9400.2375
525000 -3315.1769
526000 2477.6942
527000 3435.4552
528000 -2693.8492
529000 1757.1722
530000 3314.6938
531000 -4616.9152
532000 4666.1345
533000 -3095.4503
534000 11970.184
535000 -9345.9111
536000 -1821.3618
537000 -14069.181
538000 2711.5372
539000 -4860.8404
540000 -11884.082
541000 -15325.011
542000 6061.2839
543000 -2279.3094
544000 2003.1587
545000 4675.1214
546000 3561.3665
547000 2261.5452
548000 -8270.7833
549000 3367.407
550000 737.42424
551000 -8945.1397
552000 8167.8172
553000 -7215.7106
554000 4155.9187
555000 -7819.401
556000 2598.4222
557000 -72.611259
558000 -8205.4801
559000 -3812.6569
560000 -1059.4595
561000 -5337.6633
562000 4192.7662
563000 10086.482
564000 9237.2079
565000 8559.0559
566000 -3737.4712
567000 6180.4893
568000 -9357.3248
569000 -5658.4448
570000 -488.52024
571000 2515.3301
572000 1620.3598
573000 -1853.5113
574000 1117.855
575000 -10713.781
576000 19151.637
577000 -11524.351
578000 -2697.9913
579000 -8272.8918
580000 5247.0035
581000 -1114.9625
582000 2034.5176
583000 -3918.3883
584000 3041.7654
585000 -3752.9118
586000 -19264.601
587000 -6263.8353
588000 -6381.09
589000 48.857721
590000 -5554.7913
591000 11411.043
592000 4847.886
593000 4358.348
594000 8758.3443
595000 7242.4616
596000 1316.2112
597000 -6540.4926
598000 -6007.8793
599000 -5674.4931
600000 14412.482
601000 -2339.437
602000 -1209.843
603000 2179.0137
604000 14280.991
605000 9932.7194
606000 -744.08783
607000 -7504.2581
608000 3478.3078
609000 -8460.9967
610000 12345.334
611000 760.04463
612000 -12738.893
613000 -8539.4497
614000 6698.7451
615000 -8809.4635
616000 -10600.651
617000 2508.4176
618000 4440.5031
619000 4585.603
620000 -11697.206
621000 9162.2943
622000 5869.8603
623000 -4002.6108
624000 9813.4928
625000 4242.0285
626000 4587.5421
627000 -1863.1221
628000 -4627.8892
629000 6293.0802
630000 -5894.7682
631000 -4015.1578
632000 1175.3305
633000 5619.1842
634000 11129.279
635000 4339.0848
636000 4068.3797
637000 -3008.7209
638000 658.36621
639000 -11164.386
640000 5961.895
641000 11836.912
642000 10179.923
643000 -4546.5846
644000 2347.324
645000 5063.867
646000 -1202.043
647000 11227.048
648000 -2407.0211
649000 4562.0115
650000 7654.934
651000 -3392.7157
652000 946.9242
653000 5104.1694
654000 -8442.0637
655000 -2114.4811
656000 -6303.9945
657000 -2239.6488
658000 -2371.8962
659000 7130.6445
660000 -8865.1751
661000 -7631.5281
662000 644.85941
663000 5300.3222
664000 -3487.5619
665000 -4799.8893
666000 -1979.8312
667000 11713.847
668000 9349.8724
669000 -14016.34
670000 -1100.0122
671000 14627.025
672000 6880.2238
673000 -6415.8431
674000 4273.4296
675000 10172.02
676000 -2938.1783
677000 11394.274
678000 -404.05054
679000 -17058.941
680000 -1152.2592
681000 14655.65
682000 4676.5894
683000 -3503.003
684000 27.593804
685000 -4880.0234
686000 9339.8309
687000 3542.0619
688000 -12790.608
689000 1571.1601
690000 -5136.8466
691000 2550.121
692000 -3698.7186
693000 -1439.7825
694000 -6731.2323
695000 1383.0904
696000 2735.5741
697000 10516.995
698000 -2380.2266
699000 3353.6218
700000 944.80242
701000 6111.3983
702000 -2785.8178
703000 8826.422
704000 -3559.3585
705000 1191.77
706000 3176.083
707000 -17715.108
708000 -2423.0887
709000 -3614.5559
710000 -374.32023
711000 11260.416
712000 -8382.2823
713000 1017.3121
714000 -5767.3575
715000 -975.76287
716000 -3751.64
717000 -9126.5281
718000 1084.6052
719000 -231.86397
720000 -1481.1315
721000 -8889.1765
722000 -9953.4113
723000 -2675.0067
724000 687.75515
725000 -4454.615
726000 12156.782
727000 -8674.9433
728000 20580.446
729000 -6713.4291
730000 978.02942
731000 8032.2276
732000 6726.4914
733000 -5373.24
734000 890.59963
735000 2590.704
736000 1754.8339
737000 10336.67
738000 7973.1125
739000 4731.2037
740000 -1546.9183
741000 -2257.4248
742000 2912.3981
743000 20973.641
744000 -2218.4928
745000 2029.5601
746000 -11355.052
747000 6207.7537
748000 -280.74282
749000 291.28402
750000 -3024.131
751000 14402.061
752000 4432.3082
753000 2972.2092
754000 2533.1292
755000 -4043.5005
756000 5623.1995
757000 -3931.9736
758000 -2667.5604
759000 11150.022
760000 -1775.4883
761000 -1210.1898
762000 3276.2425
763000 4150.2787
764000 -4618.8668
765000 15957.813
766000 4521.188
767000 -3107.3884
768000 -3597.885
769000 -2575.3563
770000 -1873.8718
771000 -1944.147
772000 -9661.9337
773000 -2948.1271
774000 -6558.5546
775000 -2164.6485
776000 12712.459
777000 3715.0027
778000 2968.952
779000 9461.5623
780000 10917.571
781000 994.60058
782000 924.09322
783000 -3835.6574
784000 2769.3528
785000 5272.2382
786000 -11205.507
787000 4472.8
788000 1113.2032
789000 1697.7994
790000 7599.4648
791000 -18240.587
792000 19857.369
793000 8950.6189
794000 -5951.6402
795000 -623.79126
796000 -9930.4523
797000 -1707.5734
798000 4833.7168
799000 7335.8144
800000 823.38346
801000 -8722.6144
802000 -7934.7291
803000 -1590.7417
804000 -3598.7957
805000 -12283.815
806000 1451.3634
807000 -3242.2499
808000 -9383.1119
809000 2593.5432
810000 16275.718
811000 -11482.548
812000 -15570.306
813000 2752.2038
814000 -4756.5446
815000 10819.583
816000 3612.3279
817000 -2656.4518
818000 1177.4897
819000 -2926.7889
820000 -17145.176
821000 12851.189
822000 9461.7829
823000 -11786.482
824000 10511.162
825000 3077.8997
826000 -817.40329
827000 -1207.9704
828000 -3811.6477
829000 -3484.6538
830000 5141.2687
831000 1999.1364
832000 2658.6252
833000 7417.2976
834000 1693.8491
835000 10550.176
836000 1173.8806
837000 -10384.393
838000 11602.912
839000 4248.44
840000 -319.31949
841000 2662.155
842000 4080.5994
843000 -6340.922
844000 1502.0864
845000 5778.798
846000 3947.3396
847000 -2355.1165
848000 -3842.8448
849000 -8997.6883
850000 -4983.6792
851000 -3021.3715
852000 -6191.5555
853000 -99.731266
854000 -1462.9847
855000 12752.68
856000 7203.9215
857000 11385.542
858000 4913.2178
859000 -9254.3746
860000 -3643.2616
861000 5227.8517
862000 9112.5081
863000 -3928.7105
864000 -5661.4891
865000 -1613.9654
866000 12194.278
867000 6782.3671
868000 13026.599
869000 -8687.6422
870000 7558.3649
871000 -17166.629
872000 7936.8579
873000 -7957.1961
874000 23494.645
875000 4917.6387
876000 -15602.869
877000 2598.0148
878000 -5270.9362
879000 -5586.3727
880000 1801.1748
881000 -282.69163
882000 2239.3102
883000 -4814.6624
884000 6298.7626
885000 728.60963
886000 6414.4191
887000 4910.281
888000 3546.6651
889000 -12860.201
890000 46.646017
891000 -14249.583
892000 11723.847
893000 -834.92282
894000 -9807.9521
895000 3123.926
896000 -880.83962
897000 1398.9092
898000 -3706.7396
899000 10298.924
900000 -1003.0718
901000 -1815.1806
902000 925.11254
903000 -9033.5542
904000 1859.5081
905000 -9790.2437
906000 579.14801
907000 5540.2083
908000 19409.596
909000 1754.3749
910000 324.17449
911000 6056.8336
912000 9328.3251
913000 858.30071
914000 5754.2549
915000 5300.8711
916000 6105.7598
917000 12290.751
918000 5394.2757
919000 -15915.14
920000 3596.1834
921000 -8357.1398
922000 -1225.9706
923000 757.44411
924000 1689.9247
925000 4614.666
926000 5310.2156
927000 -4420.3326
928000 2255.505
929000 412.86888
930000 839.30286
931000 5106.6615
932000 1419.2338
933000 7156.4321
934000 -10824.439
935000 -1168.7134
936000 2510.5663
937000 -2294.0569
938000 5601.7333
939000 -4814.717
940000 -12166.965
941000 2357.9623
942000 -871.42105
943000 -17266.41
944000 -8031.3057
945000 -1652.7014
946000 -6429.1979
947000 -5776.8739
948000 3639.8894
949000 -10283.105
950000 -6111.7629
951000 4938.1543
952000 -11134.612
953000 7104.8112
954000 -7891.9728
955000 9287.5622
956000 10325.723
957000 2884.199
958000 -8044.6024
959000 -1648.1393
960000 6557.9957
961000 13760.51
962000 -13904.197
963000 -6536.5373
964000 -5511.681
965000 4053.528
966000 -3423.2329
967000 -11652.649
968000 13393.49
969000 2820.8287
970000 12186.42
971000 -2154.1276
972000 1002.3765
973000 -6444.7968
974000 -3504.0239
975000 -2035.2346
976000 -4616.3422
977000 -8381.0856
978000 -6784.0381
979000 2173.6
980000 -851.89582
981000 -8750.0255
982000 -1969.0411
983000 -5602.9859
984000 -5309.0565
985000 7383.1205
986000 -4465.6601
987000 -12674.492
988000 2765.6273
989000 -8597.367
990000 -15874.338
991000 6428.0756
992000 2878.3243
993000 -11726.125
994000 -5529.9652
995000 -5752.5285
996000 -5840.0978
997000 1884.8451
998000 -829.50512
999000 12280.731
1000000 661.03283
1001000 -9875.1718
1002000 -3633.9003
1003000 2743.2865
1004000 -634.89411
1005000 2697.8314
1006000 6469.3632
1007000 -4078.1943
1008000 7393.5766
1009000 8788.7299
1010000 16846.056
1011000 -7555.909
1012000 7191.6378
1013000 3988.4269
1014000 938.48666
1015000 -14189.742
1016000 264.51141
1017000 8215.3774
1018000 -4798.4951
1019000 -7217.7318
1020000 -7808.1794
1021000 106.70387
1022000 -10806.849
1023000 -1426.4798
1024000 6606.4861
1025000 5147.3832
1026000 -1991.4968
1027000 459.55553
1028000 10895.457
1029000 -10868.603
1030000 -8608.874
1031000 6366.5475
1032000 4413.3147
1033000 5979.2209
1034000 -2598.7041
1035000 -10068.109
1036000 5436.5418
1037000 -7736.5695
1038000 4443.9909
1039000 7132.1177
1040000 3155.3298
1041000 -2985.7799
1042000 -7257.8129
1043000 -2384.7621
1044000 -81.183709
1045000 6651.1989
1046000 -5588.6319
1047000 6023.9003
1048000 -7834.1623
1049000 9117.5113
1050000 2676.051
1051000 5048.2264
1052000 74.489024
1053000 2089.3667
1054000 -2398.8578
1055000 13161.8
1056000 12645.245
1057000 -2465.9948
1058000 -6462.223
1059000 7001.4502
1060000 5663.1561
