60000 1440.8117
60000 1440.8117
61000 1266.7478
62000 1251.2476
63000 1285.8275
64000 1278.6703
65000 1257.986
66000 1204.0465
67000 1248.5865
68000 1317.9612
69000 1260.8995
70000 1260.6189
71000 1214.9828
72000 1271.9736
73000 1323.1414
74000 1270.5989
75000 1315.6188
76000 1216.5227
77000 1273.6018
78000 1331.7608
79000 1273.442
80000 1302.5965
81000 1266.5254
82000 1267.3005
83000 1254.8736
84000 1285.5408
85000 1323.7635
86000 1292.3979
87000 1260.7221
88000 1251.9913
89000 1276.3976
90000 1251.762
91000 1251.0558
92000 1284.224
93000 1302.1321
94000 1199.6297
95000 1273.9086
96000 1319.4269
97000 1236.6319
98000 1256.0273
99000 1273.0772
100000 1281.964
101000 1234.8165
102000 1221.1024
103000 1209.4888
104000 1278.3021
105000 1273.933
106000 1185.7477
107000 1246.0218
108000 1257.359
109000 1226.3716
110000 1273.9318
111000 1288.6761
112000 1266.3552
113000 1238.3775
114000 1272.5033
115000 1282.2307
116000 1324.9553
117000 1244.9603
118000 1282.3332
119000 1332.5924
120000 1258.6564
121000 1268.8121
122000 1273.9189
123000 1305.0612
124000 1246.7726
125000 1258.2701
126000 1278.2945
127000 1247.7744
128000 1293.1465
129000 1319.1523
130000 1257.0303
131000 1262.8883
132000 1275.5198
133000 1291.7218
134000 1329.244
135000 1302.7801
136000 1277.5201
137000 1238.5179
138000 1240.0706
139000 1251.5125
140000 1301.0608
141000 1307.7486
142000 1246.4461
143000 1217.351
144000 1265.1846
145000 1261.8146
146000 1184.3275
147000 1264.7956
148000 1333.2764
149000 1338.7416
150000 1213.3973
151000 1303.7771
152000 1343.9264
153000 1284.4353
154000 1245.6773
155000 1221.7893
156000 1298.7912
157000 1291.9558
158000 1308.8451
159000 1289.0809
160000 1339.8942
161000 1286.95
162000 1227.762
163000 1268.1284
164000 1257.5846
165000 1255.6307
166000 1272.7852
167000 1271.0726
168000 1262.3709
169000 1274.5095
170000 1300.4188
171000 1242.7775
172000 1221.484
173000 1353.9034
174000 1278.1752
175000 1268.6834
176000 1333.3287
177000 1319.3982
178000 1228.1205
179000 1288.997
180000 1275.0189
181000 1259.4743
182000 1282.8466
183000 1359.5149
184000 1238.6341
185000 1266.0088
186000 1228.604
187000 1340.7841
188000 1252.6492
189000 1231.1279
190000 1278.0882
191000 1230.2219
192000 1266.9921
193000 1180.5457
194000 1253.0178
195000 1264.2764
196000 1259.7732
197000 1293.3227
198000 1208.4644
199000 1276.9098
200000 1228.7843
201000 1226.4184
202000 1210.2989
203000 1333.8073
204000 1255.9073
205000 1213.2702
206000 1328.9883
207000 1319.0364
208000 1252.013
209000 1305.1071
210000 1258.6938
211000 1314.3741
212000 1278.9657
213000 1298.7576
214000 1274.946
215000 1370.0571
216000 1230.8469
217000 1229.5097
218000 1261.7021
219000 1275.7745
220000 1209.8533
221000 1293.1397
222000 1217.2512
223000 1208.0979
224000 1323.0663
225000 1253.1325
226000 1295.5653
227000 1262.1943
228000 1268.6593
229000 1294.1941
230000 1244.1299
231000 1261.214
232000 1296.1904
233000 1263.6478
234000 1307.8573
235000 1275.644
236000 1270.8512
237000 1259.1439
238000 1322.0539
239000 1243.2468
240000 1275.0221
241000 1227.4387
242000 1301.0179
243000 1250.4912
244000 1380.2809
245000 1259.2287
246000 1263.4044
247000 1305.1294
248000 1249.0125
249000 1268.3403
250000 1307.8029
251000 1298.3914
252000 1264.531
253000 1311.2741
254000 1324.8578
255000 1314.3937
256000 1262.3372
257000 1328.8019
258000 1265.3195
259000 1276.3249
260000 1302.5748
261000 1284.4983
262000 1283.6085
263000 1298.1509
264000 1272.8301
265000 1252.5491
266000 1396.9872
267000 1321.0289
268000 1226.7379
269000 1258.0539
270000 1350.8827
271000 1293.3068
272000 1268.1401
273000 1297.6593
274000 1281.0559
275000 1180.2973
276000 1177.3523
277000 1366.2112
278000 1203.3966
279000 1300.5235
280000 1272.5629
281000 1287.8837
282000 1238.4257
283000 1237.2233
284000 1197.0146
285000 1256.9474
286000 1347.1604
287000 1220.8216
288000 1233.6291
289000 1243.2016
290000 1229.3244
291000 1280.7795
292000 1258.394
293000 1272.6124
294000 1262.2101
295000 1275.9274
296000 1201.7956
297000 1343.2835
298000 1239.9042
299000 1324.4039
300000 1231.0078
301000 1259.9929
302000 1295.1838
303000 1285.858
304000 1286.3238
305000 1260.149
306000 1182.9625
307000 1304.2601
308000 1337.4967
309000 1254.1851
310000 1208.3313
311000 1320.6494
312000 1338.5689
313000 1260.049
314000 1272.3415
315000 1197.8262
316000 1227.1128
317000 1224.2217
318000 1266.2982
319000 1346.2172
320000 1265.8565
321000 1361.6874
322000 1214.6634
323000 1335.7858
324000 1257.5743
325000 1236.3134
326000 1327.7558
327000 1208.7073
328000 1337.8772
329000 1277.1058
330000 1294.0666
331000 1211.3014
332000 1235.1601
333000 1311.0704
334000 1263.4554
335000 1270.5625
336000 1221.7198
337000 1345.5454
338000 1301.0803
339000 1239.6423
340000 1297.7374
341000 1267.5615
342000 1253.7753
343000 1317.1971
344000 1336.4723
345000 1313.4645
346000 1169.1493
347000 1390.2081
348000 1341.7019
349000 1253.9309
350000 1332.675
351000 1271.7544
352000 1261.9541
353000 1222.6126
354000 1230.3355
355000 1292.6526
356000 1290.1786
357000 1254.9816
358000 1351.5251
359000 1373.6862
360000 1309.2819
361000 1271.5879
362000 1241.6322
363000 1287.8863
364000 1370.5202
365000 1272.4305
366000 1311.4312
367000 1289.5019
368000 1310.1973
369000 1291.9444
370000 1322.0887
371000 1280.1274
372000 1250.6973
373000 1298.6748
374000 1214.1283
375000 1279.9352
376000 1179.4239
377000 1318.2198
378000 1312.3243
379000 1281.0575
380000 1237.2331
381000 1262.8741
382000 1295.7499
383000 1310.6156
384000 1234.199
385000 1231.1306
386000 1323.928
387000 1286.059
388000 1299.613
389000 1303.094
390000 1289.4964
391000 1203.0232
392000 1257.3207
393000 1293.2924
394000 1297.8474
395000 1228.3331
396000 1299.6577
397000 1308.5619
398000 1317.5528
399000 1263.1174
400000 1304.6967
401000 1251.7804
402000 1271.1148
403000 1270.7063
404000 1239.9178
405000 1258.7854
406000 1275.1292
407000 1217.1711
408000 1272.4494
409000 1242.5522
410000 1324.476
411000 1264.6785
412000 1298.8907
413000 1346.5828
414000 1319.8648
415000 1205.0128
416000 1258.6735
417000 1233.543
418000 1335.4296
419000 1232.958
420000 1327.6198
421000 1230.7673
422000 1269.6046
423000 1207.2886
424000 1334.7873
425000 1220.3237
426000 1202.0005
427000 1289.0879
428000 1286.1108
429000 1280.8763
430000 1330.2493
431000 1309.0577
432000 1259.6342
433000 1284.3769
434000 1239.2555
435000 1329.4953
436000 1313.0308
437000 1220.0094
438000 1295.9792
439000 1239.7314
440000 1303.5837
441000 1312.3103
442000 1297.8945
443000 1235.1285
444000 1284.9684
445000 1277.2011
446000 1239.1533
447000 1338.9228
448000 1223.3754
449000 1342.9055
450000 1163.0053
451000 1218.5812
452000 1220.9339
453000 1234.3231
454000 1350.441
455000 1274.2765
456000 1224.6624
457000 1202.0732
458000 1270.5547
459000 1238.1529
460000 1245.9783
461000 1298.6322
462000 1323.2618
463000 1303.6948
464000 1223.4336
465000 1325.314
466000 1276.9684
467000 1251.8772
468000 1266.0346
469000 1303.0561
470000 1333.6397
471000 1319.0274
472000 1276.9429
473000 1367.3133
474000 1217.1571
475000 1238.3106
476000 1214.2865
477000 1222.4896
478000 1293.2779
479000 1267.5611
480000 1307.8633
481000 1266.6527
482000 1240.2401
483000 1317.3428
484000 1309.6889
485000 1247.9042
486000 1134.5877
487000 1294.4737
488000 1261.2658
489000 1265.0802
490000 1328.415
491000 1261.516
492000 1160.7198
493000 1283.8066
494000 1217.4332
495000 1310.8998
496000 1299.4201
497000 1244.9849
498000 1313.4281
499000 1235.114
500000 1271.5667
501000 1265.0757
502000 1297.4694
503000 1279.6361
504000 1287.772
505000 1271.4042
506000 1204.4473
507000 1313.7701
508000 1326.1015
509000 1227.2401
510000 1251.7658
511000 1195.0798
512000 1298.4273
513000 1266.0963
514000 1274.0586
515000 1181.7133
516000 1241.401
517000 1275.3589
518000 1253.193
519000 1261.7818
520000 1329.1918
521000 1225.3222
522000 1298.3376
523000 1265.8416
524000 1329.4695
525000 1303.318
526000 1219.0776
527000 1309.8645
528000 1309.8697
529000 1275.6157
530000 1284.4292
531000 1299.0899
532000 1365.8815
533000 1220.1281
534000 1244.5989
535000 1234.1808
536000 1248.6566
537000 1195.681
538000 1294.2643
539000 1302.5762
540000 1330.4498
541000 1192.9871
542000 1337.7993
543000 1200.7805
544000 1265.6377
545000 1318.7871
546000 1273.9684
547000 1250.2929
548000 1232.9462
549000 1342.2544
550000 1284.0401
551000 1258.1323
552000 1267.2114
553000 1220.6268
554000 1265.6188
555000 1142.6298
556000 1296.6966
557000 1292.4454
558000 1311.6487
559000 1273.2728
560000 1244.3401
561000 1307.9833
562000 1231.539
563000 1230.0186
564000 1292.0055
565000 1323.6764
566000 1216.4351
567000 1285.9983
568000 1331.4974
569000 1292.7878
570000 1288.6844
571000 1275.9093
572000 1299.9962
573000 1226.2083
574000 1262.2782
575000 1245.5522
576000 1252.8535
577000 1284.3457
578000 1282.721
579000 1262.1933
580000 1244.0269
581000 1223.7747
582000 1310.8567
583000 1266.0169
584000 1288.4496
585000 1290.677
586000 1274.7003
587000 1247.216
588000 1271.4593
589000 1311.3926
590000 1287.6859
591000 1316.729
592000 1247.2691
593000 1230.6717
594000 1232.7184
595000 1262.4144
596000 1232.5189
597000 1249.5667
598000 1298.3753
599000 1188.349
600000 1246.4159
601000 1253.9728
602000 1285.723
603000 1251.6134
604000 1328.3343
605000 1273.8932
606000 1256.3237
607000 1276.8006
608000 1268.3388
609000 1332.2093
610000 1308.3721
611000 1381.5389
612000 1220.5207
613000 1323.4055
614000 1287.9799
615000 1241.485
616000 1278.9585
617000 1229.8687
618000 1316.7049
619000 1268.0877
620000 1243.9811
621000 1234.0404
622000 1253.438
623000 1287.7976
624000 1300.7475
625000 1250.6736
626000 1306.975
627000 1286.3864
628000 1220.4929
629000 1265.9307
630000 1216.1644
631000 1362.8138
632000 1289.3812
633000 1267.533
634000 1269.9166
635000 1257.2805
636000 1284.7955
637000 1273.8126
638000 1244.7364
639000 1286.2614
640000 1248.8263
641000 1288.7445
642000 1308.4956
643000 1164.0768
644000 1336.6099
645000 1315.347
646000 1201.6193
647000 1264.9989
648000 1297.2921
649000 1247.0727
650000 1252.2233
651000 1252.0201
652000 1265.1104
653000 1271.0184
654000 1298.6561
655000 1253.1861
656000 1281.2941
657000 1307.2592
658000 1279.9838
659000 1235.6069
660000 1237.4744
661000 1374.3071
662000 1337.8425
663000 1272.0183
664000 1270.6867
665000 1310.1754
666000 1183.2894
667000 1248.7846
668000 1314.279
669000 1288.0599
670000 1263.9029
671000 1360.0339
672000 1332.5788
673000 1222.5198
674000 1211.299
675000 1299.9713
676000 1228.4465
677000 1257.145
678000 1264.399
679000 1299.4651
680000 1244.0224
681000 1292.6793
682000 1274.8139
683000 1337.9213
684000 1265.4919
685000 1194.9415
686000 1351.4957
687000 1280.3248
688000 1262.0019
689000 1233.1765
690000 1256.7285
691000 1286.87
692000 1212.9624
693000 1330.3788
694000 1255.965
695000 1259.119
696000 1229.8225
697000 1321.2457
698000 1343.7441
699000 1249.4043
700000 1212.883
701000 1242.0908
702000 1238.6569
703000 1302.5688
704000 1303.725
705000 1255.6468
706000 1221.6132
707000 1257.8041
708000 1247.7214
709000 1309.5475
710000 1305.53
711000 1197.8217
712000 1226.1855
713000 1250.963
714000 1285.0218
715000 1247.0846
716000 1254.9474
717000 1344.6307
718000 1265.1643
719000 1272.3237
720000 1236.8913
721000 1255.8152
722000 1273.1023
723000 1232.8665
724000 1224.6157
725000 1368.3522
726000 1273.3235
727000 1293.2147
728000 1273.5945
729000 1358.1985
730000 1246.8339
731000 1256.0768
732000 1222.2963
733000 1227.8478
734000 1343.1012
735000 1255.4388
736000 1247.5252
737000 1271.4009
738000 1303.1796
739000 1224.683
740000 1246.6768
741000 1238.6295
742000 1257.0655
743000 1289.6185
744000 1328.9283
745000 1299.6057
746000 1336.4351
747000 1257.2533
748000 1112.1635
749000 1340.0481
750000 1235.4676
751000 1268.327
752000 1289.5789
753000 1297.2213
754000 1176.9841
755000 1290.0726
756000 1269.4284
757000 1320.3604
758000 1336.9124
759000 1378.4408
760000 1221.851
761000 1270.3822
762000 1250.1965
763000 1330.4459
764000 1260.4809
765000 1284.4595
766000 1354.0222
767000 1212.6604
768000 1187.1802
769000 1307.5241
770000 1296.8436
771000 1300.6292
772000 1244.5029
773000 1266.0896
774000 1187.6002
775000 1238.1449
776000 1316.0525
777000 1286.8295
778000 1331.4152
779000 1227.7083
780000 1290.6987
781000 1235.6874
782000 1275.9909
783000 1248.5724
784000 1307.1474
785000 1244.6074
786000 1196.6479
787000 1311.2742
788000 1267.3204
789000 1305.8001
790000 1277.8595
791000 1302.2245
792000 1239.7307
793000 1251.8881
794000 1245.0568
795000 1215.6357
796000 1266.6166
797000 1291.8892
798000 1268.0403
799000 1346.0988
800000 1276.0249
801000 1295.627
802000 1329.2973
803000 1302.2504
804000 1253.982
805000 1258.8501
806000 1322.2924
807000 1237.84
808000 1235.7132
809000 1219.2043
810000 1263.5631
811000 1217.7079
812000 1277.6226
813000 1190.0669
814000 1295.108
815000 1312.4388
816000 1263.2567
817000 1307.0646
818000 1318.3237
819000 1243.6497
820000 1300.5178
821000 1305.232
822000 1330.3196
823000 1250.795
824000 1339.2985
825000 1307.7871
826000 1281.3657
827000 1289.6983
828000 1240.2211
829000 1280.6476
830000 1270.9862
831000 1271.7836
832000 1270.0834
833000 1255.3149
834000 1247.588
835000 1287.2731
836000 1272.069
837000 1226.9415
838000 1230.4633
839000 1301.2438
840000 1296.0637
841000 1215.0188
842000 1244.9939
843000 1240.7029
844000 1308.4475
845000 1226.464
846000 1253.9367
847000 1198.0531
848000 1292.4545
849000 1271.9192
850000 1305.3474
851000 1255.9882
852000 1288.9953
853000 1204.4957
854000 1241.1162
855000 1256.5413
856000 1348.8019
857000 1202.981
858000 1263.6463
859000 1233.9524
860000 1150.7041
861000 1338.8173
862000 1221.5628
863000 1209.92
864000 1328.9579
865000 1188.2598
866000 1287.7153
867000 1282.594
868000 1340.8736
869000 1298.16
870000 1252.2872
871000 1275.5455
872000 1278.8421
873000 1206.0392
874000 1222.6141
875000 1349.4431
876000 1287.502
877000 1297.3046
878000 1278.0056
879000 1295.4018
880000 1378.6676
881000 1261.6681
882000 1319.8217
883000 1231.0726
884000 1265.9124
885000 1221.0083
886000 1308.044
887000 1296.0713
888000 1327.0866
889000 1206.0882
890000 1197.7764
891000 1292.2108
892000 1310.0138
893000 1253.7153
894000 1242.3832
895000 1314.023
896000 1268.3566
897000 1368.5441
898000 1309.6847
899000 1282.7821
900000 1330.5464
901000 1306.9507
902000 1244.0504
903000 1320.0375
904000 1224.8582
905000 1236.5062
906000 1315.9076
907000 1248.929
908000 1258.8287
909000 1243.4025
910000 1231.6291
911000 1321.5022
912000 1255.9619
913000 1301.2705
914000 1294.2966
915000 1259.5591
916000 1239.0784
917000 1348.8265
918000 1293.9754
919000 1309.1945
920000 1254.3655
921000 1255.0351
922000 1216.8003
923000 1193.4889
924000 1280.2091
925000 1260.9028
926000 1325.104
927000 1256.5859
928000 1266.7533
929000 1237.4685
930000 1246.7956
931000 1268.0031
932000 1298.8931
933000 1226.0213
934000 1266.3199
935000 1215.8676
936000 1251.1345
937000 1221.2125
938000 1241.3416
939000 1252.9476
940000 1315.6843
941000 1281.1583
942000 1258.1062
943000 1287.1363
944000 1205.5236
945000 1244.7121
946000 1315.0197
947000 1331.4687
948000 1295.8829
949000 1317.3583
950000 1210.8635
951000 1362.0996
952000 1269.0225
953000 1239.5231
954000 1212.0326
955000 1313.5938
956000 1225.4065
957000 1325.7268
958000 1260.3852
959000 1334.3169
960000 1297.2503
961000 1329.6685
962000 1325.1514
963000 1278.7809
964000 1224.2716
965000 1301.9801
966000 1313.8152
967000 1309.4832
968000 1213.6558
969000 1193.4714
970000 1343.1438
971000 1272.2907
972000 1216.6483
973000 1250.9301
974000 1233.7386
975000 1308.2628
976000 1226.1504
977000 1282.3269
978000 1188.8651
979000 1169.968
980000 1288.2027
981000 1236.9322
982000 1229.2472
983000 1284.0339
984000 1242.9646
985000 1236.9149
986000 1200.8289
987000 1313.7322
988000 1217.268
989000 1220.1397
990000 1308.1392
991000 1236.2813
992000 1274.037
993000 1188.9118
994000 1336.5067
995000 1255.1436
996000 1300.93
997000 1256.7715
998000 1289.6437
999000 1302.6584
1000000 1255.2165
1001000 1231.8941
1002000 1292.5641
1003000 1208.5298
1004000 1344.4531
1005000 1290.3755
1006000 1312.9061
1007000 1322.5091
1008000 1264.3446
1009000 1339.8163
1010000 1286.708
1011000 1299.5842
1012000 1285.0313
1013000 1261.1208
1014000 1284.1486
1015000 1345.3245
1016000 1274.7092
1017000 1318.9444
1018000 1258.9749
1019000 1281.4072
1020000 1241.775
1021000 1278.39
1022000 1279.0056
1023000 1240.0128
1024000 1335.2995
1025000 1351.1961
1026000 1281.5749
1027000 1282.983
1028000 1288.6815
1029000 1227.5143
1030000 1281.5837
1031000 1232.2697
1032000 1303.3742
1033000 1300.4846
1034000 1262.0832
1035000 1232.7915
1036000 1330.269
1037000 1289.5601
1038000 1264.4253
1039000 1221.9023
1040000 1320.4172
1041000 1289.4684
1042000 1280.7745
1043000 1274.7444
1044000 1214.9783
1045000 1277.3833
1046000 1257.3563
1047000 1240.5404
1048000 1278.3773
1049000 1241.4008
1050000 1288.0731
1051000 1248.541
1052000 1272.1461
1053000 1297.9256
1054000 1287.6309
1055000 1245.3031
1056000 1326.5881
1057000 1341.592
1058000 1214.3482
1059000 1284.491
1060000 1297.2411
