0 0
1 1.8450
2 3.0213
3 3.9566
4 4.8172
5 5.7253
6 6.6303
7 7.6769
8 8.5909
9 9.6943
10 10.6441
11 11.5776
12 12.5361
13 13.4719
14 14.0749
15 15.1556
16 15.9907
17 17.0606
18 17.6727
19 18.5250
20 19.2330
21 20.3307
22 21.0884
23 22.3728
24 23.4583
25 24.5335
26 25.6904
27 26.8731
28 27.8816
29 29.1522
30 30.1847
31 31.1939
32 32.0257
33 32.8258
34 33.5537
35 34.7167
36 35.3152
37 36.1910
38 37.2286
39 37.9486
40 38.5215
41 39.4317
42 40.0480
43 40.8724
44 42.0199
45 43.0253
46 43.6438
47 44.5116
48 45.2858
49 46.2719
50 47.6281
51 48.3852
52 49.2264
53 50.0917
54 50.9037
55 51.9818
56 52.5399
57 53.4724
58 54.4548
59 54.9894
60 55.7378
61 56.5113
62 57.0997
63 58.1680
64 58.7441
65 59.7992
66 60.5121
67 61.9834
68 62.7939
69 63.5759
70 64.0908
71 65.3722
72 66.4622
73 68.0773
74 68.9611
75 70.0636
76 71.0080
77 71.9292
78 72.3891
79 73.5150
80 73.9988
81 74.9812
82 75.7856
83 77.1273
84 77.9453
85 78.6690
86 79.1080
87 80.2402
88 81.2984
89 82.3440
90 83.1552
91 83.4705
92 83.5132
93 84.5775
94 85.4614
95 86.3005
96 87.8467
97 89.1211
98 89.7332
99 90.8921
100 91.8687
101 92.6760
102 93.8047
103 94.8411
104 95.4086
105 96.6394
106 97.7638
107 98.4683
108 99.4122
109 100.4458
110 101.5894
111 102.9419
112 103.4195
113 104.0842
114 104.9475
115 105.9002
116 106.9696
117 107.4656
118 108.1126
119 109.1279
120 109.8427
121 110.6892
122 112.0701
123 112.9607
124 113.8058
125 114.6155
126 115.8380
127 116.5407
128 117.4147
129 117.7561
130 119.0389
131 120.1410
132 121.4667
133 122.6529
134 123.3960
135 125.0300
136 125.8362
137 126.7922
138 126.8698
139 128.2392
140 129.3020
141 130.1065
142 131.0603
143 132.1561
144 133.5519
145 134.2985
146 135.5499
147 136.2676
148 136.6872
149 137.7674
150 138.8666
151 138.9650
152 139.9604
153 140.8741
154 141.8910
155 142.8413
156 143.2629
157 144.5690
158 145.0880
159 145.9215
160 146.9630
161 147.0050
162 148.1235
163 149.7498
164 150.4150
165 151.0894
166 152.1647
167 153.1957
168 153.9609
169 154.6676
170 155.7802
171 156.4415
172 157.5804
173 158.9935
174 159.8913
175 160.4315
176 161.0082
177 162.1182
178 162.8647
179 163.5562
180 164.3170
181 164.9727
182 165.6146
183 167.0793
184 167.9633
185 168.8973
186 169.1190
187 169.8469
188 171.1383
189 171.9214
190 172.8353
191 173.1022
192 174.2729
193 176.0883
194 176.4551
195 177.7304
196 179.3371
197 180.5930
198 181.9820
199 183.0640
200 184.4343
201 184.6623
202 185.3452
203 187.2854
204 188.6027
205 189.3547
206 190.1559
207 190.7647
208 190.7646
209 191.7164
210 192.1976
211 193.5302
212 194.2262
213 195.2306
214 196.2852
215 196.8995
216 197.7836
217 199.0294
218 199.0436
219 200.4679
220 201.4309
221 203.0077
222 203.9186
223 204.9383
224 206.2373
225 207.2050
226 209.2193
227 210.3918
228 210.4427
229 211.2060
230 212.3666
231 213.4301
232 213.6264
233 214.5709
234 215.5155
235 215.8004
236 216.1959
237 217.0197
238 219.4313
239 219.5293
240 219.5584
241 220.3508
242 222.0756
243 223.5184
244 223.1650
245 224.2277
246 224.9705
247 225.6793
248 226.5985
249 226.4715
250 227.0103
251 227.4522
252 228.4737
253 229.4921
254 230.6826
255 231.2846
256 232.5143
257 233.1479
258 233.9343
259 235.0526
260 236.1477
261 237.4409
262 237.8082
263 238.5476
264 238.6983
265 239.5252
266 241.6744
267 242.7910
268 243.7630
269 244.9910
270 245.9001
271 246.3478
272 248.4435
273 249.8528
274 250.1166
275 251.3080
276 251.8575
277 253.3237
278 254.5930
279 255.3847
280 255.7260
281 256.2679
282 256.9293
283 258.0421
284 259.1428
285 259.3499
286 260.0193
287 261.3627
288 262.8137
289 263.9091
290 264.6432
291 265.0845
292 266.0558
293 266.9924
294 267.3104
295 268.4468
296 268.8129
297 270.8435
298 272.0093
299 273.7372
300 274.0644
301 274.1559
302 275.5143
303 276.2750
304 277.4437
305 277.8320
306 278.7867
307 279.6932
308 280.6800
309 281.0801
310 282.4559
311 283.8061
312 284.5863
313 284.7200
314 287.1102
315 287.4197
316 288.6804
317 290.0637
318 291.6371
319 293.3501
320 293.3207
321 294.3162
322 294.1783
323 295.0471
324 295.9419
325 297.1679
326 298.0847
327 298.1664
328 299.0834
329 299.5630
330 300.9801
331 301.1145
332 301.6721
333 302.9856
334 303.9448
335 304.5787
336 305.5282
337 306.1804
338 306.8437
339 307.3255
340 307.4874
341 307.9606
342 308.7869
343 310.5242
344 311.0965
345 312.1752
346 313.5330
347 314.2901
348 315.0918
349 315.2501
350 315.2137
351 316.3302
352 316.9278
353 317.5689
354 319.9357
355 321.0750
356 322.1009
357 323.0439
358 323.7327
359 325.1408
360 325.8026
361 326.3266
362 327.2368
363 328.3130
364 329.7364
365 330.0243
366 330.8110
367 330.7880
368 331.5075
369 333.8227
370 334.8461
371 335.6740
372 337.0024
373 337.6288
374 338.3601
375 339.4958
376 340.9687
377 341.7160
378 342.6254
379 343.9243
380 345.4208
381 346.8202
382 347.6649
383 348.1349
384 348.7569
385 349.8007
386 351.0690
387 352.1929
388 353.8337
389 354.8108
390 355.4795
391 356.8429
392 357.3593
393 358.4308
394 359.3978
395 359.4710
396 360.6880
397 361.8692
398 362.4804
399 363.6793
400 364.2397
401 365.2306
402 365.8601
403 366.8674
404 367.7986
405 368.4600
406 369.1981
407 370.2007
408 371.1575
409 372.1477
410 372.5693
411 373.4637
412 373.6095
413 374.6945
414 375.7416
415 376.8371
416 377.6563
417 379.3259
418 380.5002
419 381.0078
420 382.5940
421 383.5377
422 384.2861
423 385.8559
424 386.4076
425 387.6135
426 388.4545
427 389.8683
428 391.2680
429 392.0140
430 393.4455
431 394.2528
432 395.1813
433 395.9867
434 397.9629
435 399.3488
436 400.0684
437 400.6849
438 401.2498
439 402.8803
440 404.6277
441 406.2310
442 405.8626
443 407.5426
444 408.7495
445 409.5610
446 410.7936
447 410.7791
448 412.0290
449 414.0174
450 413.9933
451 415.5517
452 416.0421
453 417.3474
454 418.2215
455 418.9624
456 420.0219
457 421.5653
458 422.8200
459 424.0983
460 424.6337
461 425.7217
462 425.9142
463 427.5541
464 427.8152
465 429.2989
466 429.7563
467 430.8161
468 432.0875
469 432.6217
470 433.2204
471 435.4477
472 436.1650
473 437.4918
474 438.0319
475 438.6732
476 439.6963
477 440.8482
478 441.8134
479 443.3723
480 443.2597
481 443.4388
482 444.0699
483 444.8753
484 444.9253
485 446.3022
486 446.8620
487 447.6302
488 448.8136
489 449.6781
490 449.6716
491 450.4593
492 451.2989
493 452.7768
494 453.8227
495 453.8730
496 455.3456
497 455.5214
498 456.2816
499 457.8938
500 457.7994
501 459.6298
502 460.5990
503 461.6278
504 462.2272
505 463.2692
506 463.2665
507 463.9776
508 464.7153
509 465.2179
510 466.6867
511 467.7959
512 468.2563
513 468.5827
514 470.2685
515 470.7606
516 472.3872
517 472.3534
518 473.0966
519 473.9151
520 474.8929
521 476.0033
522 476.2872
523 476.9269
524 478.1674
525 478.9091
526 479.8441
527 480.6759
528 481.0467
529 482.5007
530 483.8464
531 485.7392
532 486.6509
533 486.5052
534 488.1428
535 488.9745
536 489.6687
537 490.3909
538 490.2653
539 491.5244
540 492.2525
541 494.2520
542 494.4075
543 495.2719
544 496.0082
545 496.6881
546 497.5479
547 498.5698
548 499.3630
549 500.0379
550 501.5477
551 501.6754
552 502.1572
553 503.3170
554 504.5186
555 504.8589
556 505.7912
557 507.0773
558 508.1392
559 509.0603
560 510.4401
561 510.7250
562 511.3423
563 512.3762
564 513.6839
565 514.1800
566 515.9767
567 517.9691
568 519.1793
569 520.5240
570 522.9180
571 523.3138
572 523.9323
573 524.2717
574 525.4559
575 526.4355
576 527.4650
577 527.7378
578 528.6881
579 529.0670
580 530.9998
581 532.2017
582 532.5999
583 532.9949
584 533.9686
585 535.1963
586 535.5195
587 536.3670
588 536.6892
589 537.8661
590 538.8622
591 540.0198
592 541.6139
593 541.8395
594 543.9474
595 543.8361
596 546.0740
597 548.1350
598 548.9707
599 549.5609
600 549.8658
601 550.5510
602 551.5676
603 552.2879
604 552.3624
605 552.8530
606 553.3093
607 554.4799
608 555.7858
609 556.0706
610 556.9599
611 557.4658
612 557.9002
613 558.6326
614 560.1301
615 559.3872
616 560.9451
617 562.1737
618 563.4534
619 563.8282
620 564.8566
621 565.0996
622 566.4106
623 568.5474
624 568.6244
625 569.3791
626 570.3346
627 570.9895
628 572.3934
629 573.5715
630 573.8308
631 573.6425
632 574.9586
633 576.4290
634 576.8590
635 578.5215
636 579.3094
637 581.3703
638 581.2314
639 582.8584
640 584.0298
641 584.6874
642 585.1601
643 585.9469
644 588.2165
645 589.4372
646 590.1548
647 591.3206
648 591.6588
649 592.7558
650 593.5292
651 594.3408
652 595.6585
653 596.1856
654 596.5090
655 597.7284
656 598.5239
657 600.0577
658 599.8060
659 601.3831
660 602.7147
661 602.5153
662 603.6438
663 605.1966
664 606.0503
665 606.6200
666 607.7064
667 608.6964
668 609.5812
669 610.6891
670 610.9143
671 611.3727
672 613.1219
673 614.3448
674 615.8878
675 616.4470
676 616.0895
677 617.1285
678 617.7967
679 619.5097
680 620.4263
681 621.6382
682 623.1883
683 624.1856
684 625.0639
685 625.1272
686 627.8888
687 627.8228
688 629.8754
689 629.5446
690 631.0002
691 631.7080
692 633.2973
693 633.6574
694 634.6341
695 635.3861
696 636.6013
697 636.7725
698 638.3487
699 640.0738
700 640.2001
701 640.2020
702 640.9832
703 641.4934
704 643.4428
705 644.0311
706 645.4581
707 646.4624
708 648.1872
709 648.8452
710 649.7173
711 651.1064
712 653.6620
713 653.9598
714 653.9843
715 655.0384
716 656.1539
717 657.3862
718 657.7794
719 658.1792
720 660.4247
721 661.2414
722 663.3899
723 665.4359
724 666.8874
725 667.5615
726 668.2436
727 669.3574
728 670.0051
729 671.9297
730 673.7957
731 674.7259
732 675.8942
733 677.3276
734 679.1016
735 679.8855
736 680.5342
737 680.7417
738 682.2059
739 684.0432
740 684.3385
741 684.8557
742 687.4611
743 687.5697
744 688.7464
745 690.7606
746 691.8445
747 692.9329
748 693.8564
749 694.7868
750 695.4050
751 697.1847
752 697.4998
753 698.4067
754 699.7155
755 699.7420
756 701.5223
757 702.1287
758 703.0294
759 703.9661
760 704.7723
761 705.8452
762 705.9939
763 706.7899
764 707.6151
765 709.3065
766 710.0108
767 712.0117
768 711.7160
769 713.1729
770 714.4218
771 714.9669
772 715.4801
773 716.1687
774 717.5664
775 718.4037
776 718.8244
777 719.6383
778 721.2612
779 722.3165
780 722.9996
781 724.1687
782 724.9322
783 726.0727
784 727.3130
785 728.3518
786 729.6576
787 730.4964
788 731.5032
789 732.3591
790 733.6927
791 734.8034
792 735.3563
793 736.4579
794 737.1550
795 736.8593
796 737.3959
797 738.4062
798 739.9831
799 742.6375
800 743.1093
801 743.4818
802 744.3845
803 744.6066
804 745.4410
805 745.5594
806 747.4180
807 748.5230
808 749.6927
809 749.4580
810 750.9243
811 751.0336
812 752.3380
813 752.9185
814 753.1023
815 753.5015
816 754.7483
817 755.7613
818 757.9787
819 758.5462
820 758.8744
821 759.5248
822 760.0388
823 761.9911
824 762.0837
825 762.6996
826 763.6721
827 765.1945
828 766.9976
829 767.8459
830 767.6735
831 769.3102
832 769.9869
833 769.8395
834 770.7260
835 771.9737
836 773.4224
837 774.8270
838 775.7853
839 776.2303
840 776.9469
841 778.1622
842 778.8410
843 780.1229
844 780.7736
845 782.5037
846 783.8003
847 785.2839
848 784.5930
849 786.5753
850 786.3537
851 788.3104
852 788.5294
853 790.2339
854 790.9653
855 792.2448
856 792.2319
857 795.2122
858 796.0849
859 796.7237
860 797.1927
861 797.8065
862 799.5104
863 801.2960
864 802.1416
865 802.8057
866 802.7488
867 804.2074
868 805.6591
869 806.6988
870 807.3498
871 809.0073
872 810.9951
873 812.3773
874 812.4106
875 813.1011
876 813.2847
877 814.9389
878 816.6695
879 817.2447
880 818.0339
881 819.4019
882 820.6532
883 822.7212
884 823.0397
885 823.3113
886 824.8164
887 825.4701
888 826.6932
889 826.9575
890 827.9175
891 829.3700
892 828.6249
893 829.4746
894 830.9386
895 830.8750
896 832.5409
897 833.6635
898 833.7844
899 835.1401
900 836.7315
901 837.5051
902 838.4502
903 837.8871
904 838.9560
905 839.8559
906 841.3317
907 842.4847
908 843.4749
909 843.7225
910 844.8375
911 846.4521
912 847.2144
913 847.1898
914 848.6311
915 849.6692
916 850.1804
917 851.2933
918 851.1527
919 852.0862
920 852.7651
921 854.7210
922 856.0590
923 856.2946
924 855.9565
925 856.9055
926 858.9621
927 859.5215
928 860.2637
929 860.4656
930 861.2902
931 863.6630
932 864.2257
933 865.6036
934 865.5200
935 866.6935
936 865.6538
937 865.8450
938 866.6529
939 869.1703
940 869.9753
941 870.8313
942 871.1073
943 873.8581
944 874.7406
945 874.6774
946 875.7795
947 876.9539
948 880.3513
949 880.4798
950 879.5578
951 880.9264
952 882.0573
953 885.2672
954 886.1501
955 887.5489
956 888.3997
957 888.3678
958 889.6124
959 888.9461
960 890.1501
961 889.1756
962 890.8944
963 891.9119
964 891.9485
965 894.0078
966 894.4608
967 895.2858
968 896.4093
969 898.2089
970 899.3895
971 900.1503
972 901.1818
973 902.8198
974 903.6780
975 905.4636
976 906.8521
977 907.4211
978 908.7587
979 910.6117
980 910.6965
981 911.6073
982 912.6871
983 913.1986
984 915.1400
985 916.0753
986 916.5397
987 917.0356
988 917.8717
989 918.9687
990 919.4378
991 920.3027
992 920.2579
993 921.1232
994 922.4376
995 923.3749
996 924.8220
997 925.8192
998 926.4709
999 928.2554
1000 927.6760
1001 929.0570
1002 930.1288
1003 930.3700
1004 933.2318
1005 935.6810
1006 937.2116
1007 937.3587
1008 938.2446
1009 939.6409
1010 940.7308
1011 940.0618
1012 942.0895
1013 942.1181
1014 942.2220
1015 942.1848
1016 943.8482
1017 944.3678
1018 945.3602
1019 946.3498
1020 946.3395
1021 946.4303
1022 948.7888
1023 949.5903
1024 951.7984
1025 952.5316
1026 953.7678
1027 955.4180
1028 956.5961
1029 957.7203
1030 958.9692
1031 959.2866
1032 959.4974
1033 960.6232
1034 960.7636
1035 962.0174
1036 962.6303
1037 964.8584
1038 963.8092
1039 964.6573
1040 965.1569
1041 965.0525
1042 966.0322
1043 966.2170
1044 967.7125
1045 968.9410
1046 969.8559
1047 969.6759
1048 970.9702
1049 970.3976
1050 971.9350
1051 972.7422
1052 974.4107
1053 976.5721
1054 976.8485
1055 976.7964
1056 978.5015
1057 978.4757
1058 980.0149
1059 981.4506
1060 982.2626
1061 982.2108
1062 982.0390
1063 982.8832
1064 985.0203
1065 986.8859
1066 986.0074
1067 987.9091
1068 987.6527
1069 988.8910
1070 990.3750
1071 991.8116
1072 993.2846
1073 993.9258
1074 995.0184
1075 994.8484
1076 995.0841
1077 995.8269
1078 996.3287
1079 996.7677
1080 997.0569
1081 999.2408
1082 1000.6922
1083 1001.2916
1084 1002.0168
1085 1002.7417
1086 1003.1818
1087 1004.3504
1088 1005.3499
1089 1005.7481
1090 1006.7304
1091 1007.7715
1092 1008.8372
1093 1010.7870
1094 1011.7050
1095 1011.3780
1096 1012.6097
1097 1013.6130
1098 1015.0648
1099 1015.2241
1100 1017.2230
1101 1017.4358
1102 1020.1768
1103 1020.9910
1104 1022.1959
1105 1023.1475
1106 1024.6574
1107 1024.9372
1108 1025.1083
1109 1025.6200
1110 1027.1772
1111 1028.4363
1112 1029.1250
1113 1028.6907
1114 1029.3864
1115 1030.0349
1116 1032.0127
1117 1032.9727
1118 1034.0229
1119 1034.8432
1120 1035.3863
1121 1035.9500
1122 1036.9025
1123 1038.6550
1124 1039.9791
1125 1040.7909
1126 1042.8685
1127 1042.7396
1128 1043.8238
1129 1044.1363
1130 1046.6124
1131 1045.8980
1132 1047.2106
1133 1048.9610
1134 1050.0272
1135 1051.0599
1136 1051.3547
1137 1052.4162
1138 1053.1249
1139 1055.1702
1140 1054.6481
1141 1055.0425
1142 1056.1704
1143 1058.1404
1144 1059.4849
1145 1060.3292
1146 1061.9199
1147 1063.4104
1148 1062.6704
1149 1064.1342
1150 1063.2580
1151 1063.7029
1152 1065.0351
1153 1066.0237
1154 1066.4130
1155 1068.1568
1156 1068.7371
1157 1070.0712
1158 1070.4768
1159 1073.3434
1160 1074.0964
1161 1076.1507
1162 1078.3707
1163 1079.3341
1164 1080.7511
1165 1081.1612
1166 1081.9775
1167 1082.4990
1168 1083.3271
1169 1083.1139
1170 1084.9002
1171 1085.2492
1172 1086.8929
1173 1086.4476
1174 1088.1849
1175 1089.5021
1176 1089.9773
1177 1089.6820
1178 1090.2488
1179 1091.9944
1180 1092.6065
1181 1092.2310
1182 1093.6404
1183 1094.8836
1184 1095.9220
1185 1096.3227
1186 1096.7344
1187 1097.5043
1188 1098.0067
1189 1099.4928
1190 1099.4403
1191 1100.0052
1192 1102.5393
1193 1103.7679
1194 1105.9073
1195 1106.8537
1196 1108.9111
1197 1107.5349
1198 1107.1250
1199 1110.1254
1200 1110.6681
1201 1112.3176
1202 1113.0229
1203 1113.4267
1204 1112.9494
1205 1114.7531
1206 1116.4138
1207 1117.8807
1208 1118.9974
1209 1118.5227
1210 1120.2867
1211 1121.4386
1212 1121.8517
1213 1123.3925
1214 1124.6517
1215 1123.6007
1216 1124.9530
1217 1126.1469
1218 1127.1841
1219 1127.6035
1220 1127.5115
1221 1127.9984
1222 1128.6019
1223 1129.2474
1224 1130.5034
1225 1132.3017
1226 1133.4689
1227 1134.6731
1228 1136.0528
1229 1137.5247
1230 1138.4156
1231 1138.8107
1232 1139.0695
1233 1140.1348
1234 1140.7382
1235 1141.4286
1236 1142.2151
1237 1142.6075
1238 1143.4695
1239 1145.2880
1240 1145.7363
1241 1147.5473
1242 1147.4356
1243 1149.7506
1244 1150.8488
1245 1150.6553
1246 1151.4566
1247 1153.4523
1248 1153.1882
1249 1152.1009
1250 1152.0055
1251 1154.5405
1252 1156.2853
1253 1156.1244
1254 1157.7906
1255 1159.6060
1256 1161.3991
1257 1162.0290
1258 1164.2414
1259 1166.1297
1260 1165.5136
1261 1166.3923
1262 1167.2222
1263 1167.4663
1264 1169.7935
1265 1171.0880
1266 1171.8779
1267 1172.2913
1268 1174.1462
1269 1174.3765
1270 1174.0918
1271 1176.4544
1272 1175.9196
1273 1177.5181
1274 1177.4227
1275 1179.1729
1276 1179.4867
1277 1180.6348
1278 1181.1974
1279 1182.0223
1280 1184.1968
1281 1185.1331
1282 1186.0102
1283 1184.7759
1284 1185.7024
1285 1185.6012
1286 1187.8095
1287 1187.6332
1288 1188.6522
1289 1189.7278
1290 1189.3979
1291 1190.5636
1292 1192.7954
1293 1193.6135
1294 1194.4479
1295 1196.1096
1296 1196.9686
1297 1197.9232
1298 1199.0554
1299 1199.8245
1300 1200.4354
1301 1201.6500
1302 1202.1370
1303 1203.6817
1304 1205.8684
1305 1206.7646
1306 1208.0331
1307 1208.3735
1308 1209.8344
1309 1211.0295
1310 1212.2628
1311 1213.9522
1312 1215.0824
1313 1215.2634
1314 1216.5203
1315 1216.5923
1316 1219.0666
1317 1220.4598
1318 1221.3653
1319 1220.8338
1320 1222.3607
1321 1223.7276
1322 1224.1550
1323 1224.4249
1324 1225.4071
1325 1225.3874
1326 1230.2775
1327 1232.0017
1328 1234.3703
1329 1234.2206
1330 1236.5999
1331 1238.0113
1332 1239.0455
1333 1241.3699
1334 1242.8940
1335 1242.4276
1336 1243.5752
1337 1244.6755
1338 1245.4044
1339 1246.5318
1340 1248.2661
1341 1248.3360
1342 1249.4092
1343 1249.5109
1344 1250.2500
1345 1251.8181
1346 1251.9353
1347 1251.3888
1348 1253.6190
1349 1254.5750
1350 1255.6568
1351 1256.3333
1352 1256.3339
1353 1257.3648
1354 1258.4948
1355 1258.9175
1356 1261.3843
1357 1261.6004
1358 1261.7399
1359 1263.3463
1360 1263.5023
1361 1264.6239
1362 1266.6775
1363 1266.7810
1364 1268.8614
1365 1269.6872
1366 1271.7946
1367 1272.1766
1368 1273.3155
1369 1273.7315
1370 1274.7458
1371 1278.5534
1372 1280.7145
1373 1281.6063
1374 1281.8426
1375 1282.6471
1376 1283.6312
1377 1284.2184
1378 1285.8579
1379 1288.2878
1380 1288.3183
1381 1289.3899
1382 1290.7336
1383 1291.4488
1384 1292.9110
1385 1294.5409
1386 1295.2284
1387 1296.2754
1388 1297.4700
1389 1299.1359
1390 1299.9141
1391 1302.0580
1392 1303.7392
1393 1302.3746
1394 1303.3627
1395 1303.2056
1396 1303.6749
1397 1306.5785
1398 1306.0133
1399 1306.3607
1400 1307.1011
1401 1308.3389
1402 1307.6761
1403 1308.7963
1404 1310.8519
1405 1311.2449
1406 1312.1756
1407 1312.7950
1408 1313.4566
1409 1314.8262
1410 1314.5253
1411 1314.7705
1412 1315.6946
1413 1316.1583
1414 1316.9466
1415 1318.5699
1416 1318.6855
1417 1318.0939
1418 1319.4655
1419 1320.3715
1420 1321.0383
1421 1320.7883
1422 1322.4471
1423 1321.2152
1424 1322.0518
1425 1322.7722
1426 1323.6468
1427 1324.4709
1428 1324.7081
1429 1323.7488
1430 1323.2188
1431 1324.8000
1432 1326.7521
1433 1328.1238
1434 1328.6097
1435 1329.2750
1436 1331.8516
1437 1331.6349
1438 1332.6338
1439 1332.1151
1440 1333.0238
1441 1332.5941
1442 1336.2378
1443 1336.8555
1444 1338.1093
1445 1340.6237
1446 1341.4708
1447 1342.5709
1448 1343.8604
1449 1343.1782
1450 1344.4889
1451 1346.6512
1452 1346.9265
1453 1347.8637
1454 1349.6123
1455 1349.8269
1456 1352.1277
1457 1353.5821
1458 1354.3416
1459 1353.4122
1460 1354.6728
1461 1356.9719
1462 1357.8680
1463 1360.3039
1464 1361.7664
1465 1362.8456
1466 1365.0872
1467 1364.7305
1468 1365.0938
1469 1366.3377
1470 1367.6342
1471 1369.0639
1472 1370.6067
1473 1371.9006
1474 1372.9129
1475 1374.3493
1476 1376.6699
1477 1376.7539
1478 1378.7328
1479 1379.3327
1480 1380.0085
1481 1380.4020
1482 1381.6917
1483 1382.3621
1484 1382.6734
1485 1384.7693
1486 1385.0278
1487 1386.0956
1488 1387.0060
1489 1386.2335
1490 1388.7051
1491 1388.2330
1492 1390.0803
1493 1390.8634
1494 1390.1929
1495 1393.4542
1496 1393.5259
1497 1393.5927
1498 1396.0336
1499 1397.8867
1500 1397.2738
1501 1397.9883
1502 1399.4519
1503 1400.7865
1504 1399.9023
1505 1401.1833
1506 1402.0641
1507 1403.0384
1508 1403.2245
1509 1406.6869
1510 1406.3790
1511 1409.0409
1512 1410.3065
1513 1409.6166
1514 1411.0371
1515 1411.6663
1516 1411.8511
1517 1414.1004
1518 1416.2331
1519 1416.2609
1520 1417.3740
1521 1418.4809
1522 1420.0961
1523 1420.4718
1524 1423.0200
1525 1423.1402
1526 1422.8881
1527 1423.3059
1528 1423.7076
1529 1424.0880
1530 1425.3018
1531 1426.9022
1532 1427.0401
1533 1428.6691
1534 1429.7271
1535 1430.7315
1536 1433.1440
1537 1432.1323
1538 1431.9882
1539 1433.7200
1540 1433.8358
1541 1433.8408
1542 1434.9368
1543 1436.6616
1544 1439.5413
1545 1439.1654
1546 1440.6118
1547 1440.9639
1548 1441.7544
1549 1441.6655
1550 1441.5852
1551 1443.6702
1552 1445.3757
1553 1447.3576
1554 1447.7318
1555 1447.6368
1556 1449.0479
1557 1451.0515
1558 1451.5068
1559 1452.2516
1560 1452.5057
1561 1453.2184
1562 1453.2598
1563 1456.3151
1564 1457.5410
1565 1456.5132
1566 1457.9054
1567 1458.8216
1568 1460.3471
1569 1462.0605
1570 1464.0603
1571 1464.9289
1572 1465.2320
1573 1465.0261
1574 1466.8847
1575 1468.3124
1576 1468.4286
1577 1469.5494
1578 1469.4585
1579 1470.1904
1580 1471.3926
1581 1472.4236
1582 1471.6871
1583 1472.6291
1584 1471.9783
1585 1472.6616
1586 1474.7256
1587 1475.6338
1588 1474.7870
1589 1475.7030
1590 1474.8383
1591 1473.6965
1592 1476.2984
1593 1477.5341
1594 1479.1098
1595 1480.0463
1596 1481.6545
1597 1482.8960
1598 1483.0452
1599 1482.6120
1600 1483.5803
1601 1484.2409
1602 1484.5473
1603 1485.4200
1604 1486.3509
1605 1487.3787
1606 1489.1796
1607 1489.5060
1608 1489.7360
1609 1489.9186
1610 1491.5610
1611 1492.5591
1612 1492.1486
1613 1493.4782
1614 1493.6691
1615 1492.7797
1616 1493.3487
1617 1494.2528
1618 1497.0034
1619 1496.5593
1620 1497.1226
1621 1499.2196
1622 1500.3813
1623 1499.6977
1624 1501.5958
1625 1502.9332
1626 1503.8981
1627 1506.1772
1628 1505.2400
1629 1505.4034
1630 1507.9125
1631 1508.7803
1632 1508.9408
1633 1510.4570
1634 1512.0607
1635 1511.9641
1636 1513.5623
1637 1515.4492
1638 1515.4080
1639 1517.5602
1640 1517.5183
1641 1518.8219
1642 1519.5235
1643 1519.4681
1644 1520.1132
1645 1521.3922
1646 1522.5315
1647 1522.9924
1648 1525.4773
1649 1526.0175
1650 1526.9979
1651 1527.5494
1652 1527.9579
1653 1529.6865
1654 1530.1200
1655 1532.2253
1656 1533.4843
1657 1532.0825
1658 1534.2719
1659 1536.1023
1660 1536.5408
1661 1537.4079
1662 1536.3997
1663 1536.5292
1664 1538.0371
1665 1539.5307
1666 1539.7536
1667 1540.5555
1668 1540.6126
1669 1541.7351
1670 1543.2640
1671 1545.1971
1672 1546.3385
1673 1547.9490
1674 1547.1669
1675 1549.5821
1676 1549.0625
1677 1550.2507
1678 1549.4998
1679 1550.6585
1680 1551.5834
1681 1551.5109
1682 1554.1216
1683 1555.6622
1684 1555.9274
1685 1556.7569
1686 1556.8848
1687 1557.6742
1688 1558.4130
1689 1558.6366
1690 1559.5620
1691 1559.3663
1692 1559.5878
1693 1562.1337
1694 1561.6811
1695 1562.6426
1696 1563.6296
1697 1564.0315
1698 1563.4097
1699 1565.5682
1700 1565.5130
1701 1566.2846
1702 1565.2032
1703 1568.2380
1704 1566.9111
1705 1570.2335
1706 1570.3251
1707 1570.3260
1708 1570.9925
1709 1572.0115
1710 1573.8898
1711 1573.5869
1712 1576.8871
1713 1576.1862
1714 1578.9751
1715 1580.1196
1716 1580.3574
1717 1582.1274
1718 1583.5075
1719 1584.8387
1720 1585.5546
1721 1585.1860
1722 1586.7824
1723 1588.4319
1724 1588.6191
1725 1589.5949
1726 1589.7682
1727 1589.0122
1728 1590.9104
1729 1590.0137
1730 1591.2037
1731 1591.9821
1732 1593.2384
1733 1592.2741
1734 1593.7155
1735 1594.2395
1736 1595.3000
1737 1597.2937
1738 1597.6893
1739 1597.4905
1740 1599.2631
1741 1599.5547
1742 1599.6897
1743 1600.2594
1744 1601.5307
1745 1602.9508
1746 1605.3139
1747 1604.3934
1748 1605.5921
1749 1607.1783
1750 1606.8421
1751 1608.3663
1752 1609.6941
1753 1611.3343
1754 1611.9281
1755 1613.4900
1756 1613.4403
1757 1613.3844
1758 1614.9793
1759 1615.9981
1760 1616.7855
1761 1617.7321
1762 1617.0702
1763 1617.9998
1764 1617.6416
1765 1618.5490
1766 1620.2726
1767 1621.9795
1768 1623.3657
1769 1625.6531
1770 1625.0419
1771 1627.6049
1772 1629.2711
1773 1627.8170
1774 1629.0384
1775 1629.3388
1776 1629.8721
1777 1631.6850
1778 1632.2826
1779 1634.2964
1780 1633.9896
1781 1634.2826
1782 1634.3778
1783 1634.8925
1784 1635.5688
1785 1637.3811
1786 1638.5595
1787 1640.5387
1788 1640.0796
1789 1641.0226
1790 1642.5964
1791 1643.3105
1792 1643.9561
1793 1645.0838
1794 1648.1358
1795 1649.1740
1796 1649.8950
1797 1651.8634
1798 1652.7790
1799 1654.3244
1800 1653.8619
1801 1655.2917
1802 1656.6495
1803 1659.1015
1804 1659.6451
1805 1660.8646
1806 1661.4372
1807 1660.9499
1808 1662.6108
1809 1660.9371
1810 1663.1297
1811 1664.0854
1812 1665.8858
1813 1666.8587
1814 1667.0786
1815 1666.9036
1816 1667.3733
1817 1668.3013
1818 1670.9332
1819 1671.6489
1820 1672.4963
1821 1674.5116
1822 1675.3883
1823 1678.1099
1824 1679.5476
1825 1681.8304
1826 1682.2987
1827 1683.0871
1828 1685.4345
1829 1685.8623
1830 1685.5612
1831 1688.6024
1832 1691.1073
1833 1691.8288
1834 1692.9597
1835 1694.2986
1836 1696.6957
1837 1697.1700
1838 1698.9170
1839 1698.9596
1840 1700.3280
1841 1700.7754
1842 1701.5315
1843 1701.9749
1844 1701.8567
1845 1702.6565
1846 1702.4008
1847 1704.4058
1848 1704.3430
1849 1705.0900
1850 1706.6057
1851 1706.9137
1852 1708.7705
1853 1708.8488
1854 1709.8905
1855 1710.5347
1856 1710.6862
1857 1713.3940
1858 1714.7178
1859 1715.8350
1860 1716.0797
1861 1716.2676
1862 1717.8637
1863 1718.6348
1864 1719.5454
1865 1721.5001
1866 1722.3610
1867 1723.2917
1868 1723.9005
1869 1725.2602
1870 1726.5582
1871 1729.1598
1872 1729.2504
1873 1731.0743
1874 1732.1244
1875 1733.4623
1876 1734.3116
1877 1736.6480
1878 1737.3158
1879 1737.6070
1880 1737.4845
1881 1738.3823
1882 1738.8856
1883 1740.1186
1884 1741.0139
1885 1741.9239
1886 1744.3839
1887 1745.9999
1888 1746.0369
1889 1746.5581
1890 1747.1060
1891 1749.5777
1892 1751.8723
1893 1752.2685
1894 1751.8942
1895 1752.8760
1896 1754.1717
1897 1755.3024
1898 1755.3234
1899 1757.2790
1900 1759.8421
1901 1760.8832
1902 1761.9017
1903 1762.5564
1904 1763.5243
1905 1766.4097
1906 1765.9870
1907 1765.2185
1908 1765.6338
1909 1766.8144
1910 1767.0000
1911 1768.7976
1912 1769.7335
1913 1770.5371
1914 1772.3758
1915 1775.1732
1916 1775.9080
1917 1776.3435
1918 1778.4929
1919 1778.2445
1920 1779.8311
1921 1780.0567
1922 1781.6441
1923 1782.7661
1924 1784.6893
1925 1786.4774
1926 1785.3721
1927 1786.6284
1928 1788.0152
1929 1791.9075
1930 1791.4676
1931 1794.0346
1932 1794.2703
1933 1795.6003
1934 1796.8908
1935 1797.2677
1936 1797.2189
1937 1798.4529
1938 1798.2042
1939 1799.5910
1940 1800.9644
1941 1799.9969
1942 1800.7439
1943 1801.6615
1944 1802.1271
1945 1803.2485
1946 1805.1112
1947 1806.4857
1948 1805.8270
1949 1807.3663
1950 1808.4916
1951 1809.4595
1952 1809.9975
1953 1810.2886
1954 1811.6205
1955 1811.9682
1956 1811.7369
1957 1811.0133
1958 1812.7607
1959 1813.9787
1960 1815.4164
1961 1816.8216
1962 1817.0948
1963 1818.6607
1964 1817.8055
1965 1818.7772
1966 1819.1917
1967 1820.3219
1968 1820.1300
1969 1820.7956
1970 1821.3802
1971 1822.5367
1972 1824.1443
1973 1824.9582
1974 1825.5110
1975 1828.5402
1976 1829.4495
1977 1830.4067
1978 1831.2366
1979 1831.2465
1980 1831.1807
1981 1831.6205
1982 1833.6991
1983 1835.2482
1984 1833.7786
1985 1836.4380
1986 1836.3091
1987 1837.7141
1988 1839.4599
1989 1841.2774
1990 1839.7000
1991 1840.2746
1992 1842.4799
1993 1843.1747
1994 1844.3572
1995 1844.4634
1996 1847.6173
1997 1850.4311
1998 1851.4167
1999 1853.0431
2000 1852.9276
2001 1852.4409
2002 1851.8335
2003 1851.8909
2004 1852.0705
2005 1853.2881
2006 1854.9583
2007 1854.6601
2008 1857.2363
2009 1857.7820
2010 1859.4445
2011 1860.4077
2012 1861.5314
2013 1861.5784
2014 1860.8067
2015 1860.8985
2016 1863.8628
2017 1864.2315
2018 1865.5463
2019 1867.0665
2020 1868.0196
2021 1869.6128
2022 1868.6864
2023 1869.7810
2024 1870.5160
2025 1873.3924
2026 1873.7464
2027 1874.7801
2028 1875.6590
2029 1876.3521
2030 1876.3095
2031 1877.5667
2032 1878.0875
2033 1877.9867
2034 1880.4285
2035 1882.3113
2036 1883.8341
2037 1884.9913
2038 1885.1125
2039 1887.4352
2040 1888.6692
2041 1887.8039
2042 1890.0629
2043 1891.2139
2044 1892.3463
2045 1893.4476
2046 1894.0346
2047 1894.2946
2048 1895.9422
2049 1897.6773
2050 1898.8006
2051 1900.2890
2052 1900.0608
2053 1900.5219
2054 1901.9495
2055 1903.2343
2056 1903.5936
2057 1903.8849
2058 1905.9435
2059 1904.5918
2060 1907.3358
2061 1909.2619
2062 1910.4385
2063 1912.8943
2064 1911.9717
2065 1912.8510
2066 1914.5662
2067 1913.9993
2068 1914.1560
2069 1914.7811
2070 1916.1853
2071 1915.8446
2072 1917.2149
2073 1917.2908
2074 1918.4140
2075 1919.7921
2076 1919.1926
2077 1920.6945
2078 1922.1101
2079 1922.5386
2080 1924.0462
2081 1926.1260
2082 1926.9750
2083 1927.7494
2084 1930.2324
2085 1930.4735
2086 1931.0835
2087 1931.6893
2088 1933.1962
2089 1933.5799
2090 1934.6529
2091 1934.4476
2092 1935.8581
2093 1936.8709
2094 1938.1813
2095 1938.5359
2096 1940.8183
2097 1942.3851
2098 1944.1868
2099 1946.1979
2100 1947.6745
2101 1948.2726
2102 1951.7586
2103 1952.8217
2104 1954.7438
2105 1955.8385
2106 1957.4963
2107 1959.4200
2108 1960.6685
2109 1961.1642
2110 1963.0815
2111 1961.6209
2112 1961.7253
2113 1966.0297
2114 1965.8229
2115 1966.9664
2116 1969.6806
2117 1969.2718
2118 1970.8437
2119 1971.3203
2120 1973.1381
2121 1975.1231
2122 1976.1726
2123 1976.7158
2124 1977.4575
2125 1978.6060
2126 1980.5788
2127 1980.9632
2128 1982.5019
2129 1982.1016
2130 1983.6377
2131 1983.6444
2132 1986.3364
2133 1986.2512
2134 1986.9882
2135 1986.4452
2136 1986.8016
2137 1987.9353
2138 1990.1118
2139 1991.2206
2140 1992.1489
2141 1993.7863
2142 1994.7862
2143 1995.3710
2144 1996.4154
2145 1997.2293
2146 1998.0580
2147 1997.2394
2148 1999.1304
2149 1999.9907
2150 2000.6102
2151 2002.2055
2152 2004.0224
2153 2005.5901
2154 2006.9768
2155 2007.2080
2156 2007.1151
2157 2008.7192
2158 2010.2218
2159 2009.9728
2160 2011.2649
2161 2012.9630
2162 2014.8053
2163 2014.6849
2164 2014.8984
2165 2016.6598
2166 2018.3552
2167 2019.0193
2168 2020.7686
2169 2021.8921
2170 2023.2602
2171 2022.8436
2172 2024.3680
2173 2024.9066
2174 2027.1668
2175 2029.3099
2176 2028.9904
2177 2033.2035
2178 2031.0880
2179 2032.1635
2180 2032.6950
2181 2033.8984
2182 2035.5459
2183 2036.1511
2184 2036.4869
2185 2037.9963
2186 2038.2542
2187 2040.7508
2188 2040.9672
2189 2041.4651
2190 2041.0113
2191 2042.5930
2192 2042.4476
2193 2044.0693
2194 2046.3454
2195 2046.9822
2196 2046.9099
2197 2049.6342
2198 2049.3332
2199 2050.5703
2200 2052.5586
2201 2053.6622
2202 2055.8226
2203 2055.5545
2204 2053.7383
2205 2054.5765
2206 2055.0450
2207 2057.0976
2208 2055.8408
2209 2058.3506
2210 2059.5741
2211 2060.5259
2212 2060.5953
2213 2062.9138
2214 2064.2769
2215 2066.6243
2216 2068.4780
2217 2069.0004
2218 2070.6823
2219 2071.1572
2220 2070.8133
2221 2070.4371
2222 2069.2982
2223 2071.1906
2224 2072.0968
2225 2073.5154
2226 2074.2909
2227 2075.0556
2228 2077.5854
2229 2080.0759
2230 2080.4664
2231 2081.4366
2232 2081.0928
2233 2083.7306
2234 2084.5593
2235 2085.6760
2236 2086.4274
2237 2087.6021
2238 2087.5172
2239 2089.1898
2240 2088.3036
2241 2091.3310
2242 2092.1462
2243 2094.4609
2244 2096.1246
2245 2097.3181
2246 2097.6187
2247 2097.8918
2248 2099.2543
2249 2098.5923
2250 2098.8681
2251 2099.4227
2252 2100.4396
2253 2099.9300
2254 2100.5687
2255 2102.2020
2256 2104.5931
2257 2106.6734
2258 2108.3846
2259 2109.2083
2260 2106.9875
2261 2108.0755
2262 2109.1545
2263 2110.5820
2264 2110.7580
2265 2111.1832
2266 2113.4610
2267 2113.7687
2268 2113.3820
2269 2114.1628
2270 2113.9661
2271 2113.8647
2272 2114.8885
2273 2115.7329
2274 2117.6042
2275 2119.5993
2276 2118.6838
2277 2119.9366
2278 2120.7774
2279 2122.6009
2280 2123.4242
2281 2125.5824
2282 2126.2939
2283 2128.1498
2284 2128.4616
2285 2129.5845
2286 2131.4176
2287 2132.7615
2288 2135.4304
2289 2137.2311
2290 2137.5193
2291 2137.5530
2292 2139.3042
2293 2140.2911
2294 2142.1156
2295 2144.3420
2296 2145.2937
2297 2146.9205
2298 2147.9715
2299 2149.9524
2300 2149.1201
2301 2149.6442
2302 2149.7723
2303 2149.0395
2304 2150.0634
2305 2151.8598
2306 2152.5641
2307 2153.0415
2308 2154.1922
2309 2154.4046
2310 2156.9769
2311 2156.6107
2312 2158.2918
2313 2158.8838
2314 2157.3653
2315 2157.6364
2316 2160.2253
2317 2162.5938
2318 2162.3472
2319 2162.1720
2320 2163.5602
2321 2165.1638
2322 2167.6018
2323 2166.6591
2324 2168.6455
2325 2170.0966
2326 2172.7637
2327 2174.6066
2328 2174.0351
2329 2173.8885
2330 2174.7251
2331 2175.7907
2332 2175.6731
2333 2176.6633
2334 2178.3116
2335 2180.3658
2336 2180.6928
2337 2182.2325
2338 2181.1020
2339 2182.6262
2340 2183.9782
2341 2184.6764
2342 2185.0677
2343 2185.4424
2344 2185.6794
2345 2185.9866
2346 2185.5107
2347 2186.8644
2348 2189.2015
2349 2189.1045
2350 2189.1800
2351 2190.5192
2352 2190.0713
2353 2191.8523
2354 2192.8801
2355 2192.6523
2356 2192.5666
2357 2194.9489
2358 2193.6900
2359 2196.1578
2360 2195.6620
2361 2196.3021
2362 2195.5289
2363 2197.0933
2364 2198.9210
2365 2199.3515
2366 2199.7134
2367 2199.3477
2368 2199.9666
2369 2200.4149
2370 2201.3056
2371 2202.2068
2372 2202.8634
2373 2203.5253
2374 2205.1059
2375 2203.5619
2376 2204.8637
2377 2205.3696
2378 2208.1593
2379 2208.3581
2380 2209.4459
2381 2209.8815
2382 2212.1400
2383 2212.3341
2384 2213.0602
2385 2214.6228
2386 2216.3679
2387 2217.5270
2388 2216.7270
2389 2219.8990
2390 2215.9482
2391 2219.1965
2392 2220.1681
2393 2220.4950
2394 2224.0681
2395 2224.2917
2396 2224.9313
2397 2226.1202
2398 2227.6577
2399 2228.4644
2400 2228.5756
2401 2229.8966
2402 2232.3088
2403 2233.9438
2404 2235.7318
2405 2235.7933
2406 2237.0791
2407 2236.5901
2408 2238.3467
2409 2237.9037
2410 2237.8757
2411 2239.1699
2412 2239.7429
2413 2242.0465
2414 2241.3597
2415 2242.9603
2416 2243.9717
2417 2245.9091
2418 2245.4967
2419 2246.8500
2420 2247.9492
2421 2249.9946
2422 2251.6216
2423 2252.4073
2424 2253.4758
2425 2253.8139
2426 2253.7637
2427 2254.3940
2428 2255.9860
2429 2258.5309
2430 2258.3477
2431 2259.6722
2432 2260.1123
2433 2259.5514
2434 2260.3335
2435 2259.8431
2436 2261.7730
2437 2262.0599
2438 2262.3093
2439 2263.0946
2440 2264.0810
2441 2264.4620
2442 2263.4454
2443 2263.0278
2444 2265.9645
2445 2266.3142
2446 2266.6444
2447 2268.5639
2448 2269.2853
2449 2271.2030
2450 2272.5300
2451 2271.8076
2452 2272.2705
2453 2275.3807
2454 2275.4511
2455 2278.8619
2456 2278.8294
2457 2280.0079
2458 2280.3408
2459 2280.6080
2460 2281.7743
2461 2282.8816
2462 2282.5207
2463 2283.6067
2464 2283.8644
2465 2285.7239
2466 2288.4085
2467 2290.6135
2468 2292.0417
2469 2293.0660
2470 2294.6769
2471 2297.1618
2472 2299.4823
2473 2301.5397
2474 2301.9153
2475 2304.5223
2476 2305.3004
2477 2305.1232
2478 2306.6979
2479 2308.1693
2480 2308.6284
2481 2311.8755
2482 2311.5558
2483 2313.2620
2484 2314.6283
2485 2317.7705
2486 2318.7012
2487 2319.8602
2488 2321.6623
2489 2323.3926
2490 2324.2757
2491 2325.9446
2492 2328.1692
2493 2327.9883
2494 2327.8758
2495 2329.6200
2496 2329.6640
2497 2331.4822
2498 2332.6748
2499 2334.5686
2500 2335.1054
2501 2335.3961
2502 2337.5083
2503 2338.2821
2504 2337.6390
2505 2339.3205
2506 2338.5587
2507 2340.8288
2508 2341.7541
2509 2344.7241
2510 2346.8835
2511 2346.7084
2512 2348.4615
2513 2347.7496
2514 2350.2969
2515 2351.7042
2516 2352.4393
2517 2354.4163
2518 2354.0940
2519 2356.6193
2520 2356.6560
2521 2359.1933
2522 2359.5596
2523 2359.0111
2524 2359.6908
2525 2361.8175
2526 2361.9418
2527 2363.2782
2528 2364.6174
2529 2366.4991
2530 2368.1717
2531 2370.1073
2532 2371.5981
2533 2370.7423
2534 2369.2944
2535 2371.9565
2536 2374.3474
2537 2375.4587
2538 2376.4025
2539 2376.8717
2540 2377.4255
2541 2378.1640
2542 2379.7557
2543 2379.3545
2544 2379.7764
2545 2382.0995
2546 2383.1797
2547 2383.0911
2548 2385.0960
2549 2387.3667
2550 2389.3007
2551 2389.2206
2552 2390.7617
2553 2391.2519
2554 2392.6863
2555 2395.7010
2556 2393.8872
2557 2396.2217
2558 2398.5940
2559 2400.3497
2560 2401.0920
2561 2401.5780
2562 2402.5217
2563 2404.8131
2564 2402.8534
2565 2404.1187
2566 2404.2476
2567 2404.6625
2568 2406.6748
2569 2404.8034
2570 2404.6780
2571 2407.0058
2572 2406.3671
2573 2406.6197
2574 2408.0381
2575 2409.8614
2576 2411.4870
2577 2413.0023
2578 2413.9697
2579 2412.9771
2580 2416.2478
2581 2415.1332
2582 2418.4069
2583 2419.0317
2584 2421.1868
2585 2421.1855
2586 2422.7420
2587 2422.1298
2588 2423.6848
2589 2425.2622
2590 2425.6134
2591 2426.5670
2592 2426.9182
2593 2429.6020
2594 2430.7177
2595 2431.8113
2596 2432.9323
2597 2432.2923
2598 2433.6048
2599 2435.3254
2600 2436.1714
2601 2436.6732
2602 2436.7690
2603 2435.7262
2604 2436.7117
2605 2437.4031
2606 2438.2801
2607 2439.3253
2608 2441.1282
2609 2441.6843
2610 2442.1980
2611 2443.7636
2612 2445.3519
2613 2446.5656
2614 2448.6005
2615 2449.0352
2616 2448.6008
2617 2451.0439
2618 2452.6184
2619 2451.7202
2620 2452.7330
2621 2454.9571
2622 2455.3131
2623 2456.3076
2624 2456.9310
2625 2459.4835
2626 2460.3665
2627 2460.1242
2628 2459.7445
2629 2462.8995
2630 2463.7654
2631 2464.1157
2632 2464.7191
2633 2465.9333
2634 2466.4311
2635 2467.3921
2636 2467.5686
2637 2468.0627
2638 2466.9260
2639 2468.7957
2640 2470.4344
2641 2470.1690
2642 2470.7323
2643 2470.3649
2644 2470.4891
2645 2470.0488
2646 2469.8760
2647 2472.1376
2648 2470.8338
2649 2473.0533
2650 2473.7996
2651 2475.8339
2652 2476.1698
2653 2479.7236
2654 2478.9792
2655 2478.9055
2656 2481.4799
2657 2481.8868
2658 2482.0674
2659 2485.5253
2660 2487.8143
2661 2490.0677
2662 2489.4077
2663 2489.8230
2664 2489.5015
2665 2491.7794
2666 2492.8453
2667 2494.9579
2668 2496.4043
2669 2496.1560
2670 2496.7371
2671 2499.7929
2672 2500.6685
2673 2502.1116
2674 2503.6170
2675 2504.3019
2676 2505.3618
2677 2505.9334
2678 2506.1833
2679 2508.3605
2680 2509.0763
2681 2509.7565
2682 2508.5250
2683 2509.6691
2684 2511.9948
2685 2512.0783
2686 2513.8817
2687 2514.2228
2688 2515.7013
2689 2516.0302
2690 2516.5451
2691 2517.7737
2692 2519.1957
2693 2519.6535
2694 2520.6265
2695 2521.6365
2696 2523.4442
2697 2525.2756
2698 2522.9499
2699 2527.1932
2700 2527.7282
2701 2529.0163
2702 2532.5698
2703 2534.7718
2704 2535.1785
2705 2536.8304
2706 2536.7744
2707 2536.3199
2708 2538.6108
2709 2538.9424
2710 2542.7824
2711 2542.6287
2712 2544.5671
2713 2545.0078
2714 2546.6882
2715 2545.6583
2716 2547.4527
2717 2546.7858
2718 2547.1025
2719 2548.6163
2720 2550.5291
2721 2551.0914
2722 2551.7796
2723 2552.4204
2724 2553.0343
2725 2553.4802
2726 2554.4019
2727 2554.3704
2728 2556.6992
2729 2559.0233
2730 2558.7774
2731 2559.0291
2732 2559.2682
2733 2559.8017
2734 2560.7125
2735 2561.0672
2736 2563.3363
2737 2563.4147
2738 2564.6314
2739 2564.7112
2740 2565.3522
2741 2567.6920
2742 2568.5104
2743 2569.0109
2744 2569.5572
2745 2571.2478
2746 2572.8912
2747 2574.3897
2748 2574.8291
2749 2577.1818
2750 2577.0206
2751 2575.8103
2752 2576.7091
2753 2577.9959
2754 2579.3717
2755 2578.7412
2756 2578.9884
2757 2579.5448
2758 2581.1948
2759 2581.6838
2760 2582.2347
2761 2582.9953
2762 2584.0245
2763 2584.7398
2764 2585.2052
2765 2585.7665
2766 2585.0942
2767 2588.1048
2768 2588.3989
2769 2589.1801
2770 2587.4060
2771 2588.9371
2772 2589.9708
2773 2588.5222
2774 2589.4257
2775 2590.9607
2776 2590.5102
2777 2591.5460
2778 2593.0644
2779 2594.2489
2780 2595.0731
2781 2594.6418
2782 2594.6204
2783 2593.7377
2784 2594.1367
2785 2596.3974
2786 2597.7755
2787 2600.4487
2788 2602.0682
2789 2603.2774
2790 2605.3766
2791 2608.2409
2792 2608.9293
2793 2610.3564
2794 2611.2469
2795 2610.3806
2796 2612.5952
2797 2613.6955
2798 2613.8261
2799 2615.3824
2800 2618.1318
2801 2621.0030
2802 2623.4680
2803 2624.0222
2804 2624.4115
2805 2626.5292
2806 2628.3972
2807 2626.3055
2808 2626.4516
2809 2626.5335
2810 2626.5920
2811 2626.3034
2812 2628.8381
2813 2631.2101
2814 2631.5899
2815 2631.8253
2816 2632.5225
2817 2634.2123
2818 2633.7217
2819 2635.4110
2820 2637.2736
2821 2640.0483
2822 2641.5493
2823 2642.7164
2824 2643.8292
2825 2644.9184
2826 2646.2915
2827 2646.0908
2828 2648.7332
2829 2649.7965
2830 2650.9776
2831 2650.0396
2832 2651.6583
2833 2651.2447
2834 2653.2211
2835 2653.5642
2836 2653.6787
2837 2655.4936
2838 2657.1209
2839 2655.6407
2840 2656.6346
2841 2657.1536
2842 2656.5037
2843 2658.9698
2844 2659.6664
2845 2658.1443
2846 2660.1858
2847 2661.4474
2848 2659.6625
2849 2661.7616
2850 2661.9613
2851 2663.5489
2852 2664.6243
2853 2667.8118
2854 2669.3986
2855 2669.5964
2856 2672.8615
2857 2671.1577
2858 2671.5142
2859 2673.4733
2860 2674.4556
2861 2675.7212
2862 2675.5700
2863 2675.5893
2864 2677.0752
2865 2677.3502
2866 2677.1086
2867 2677.1529
2868 2677.2538
2869 2678.2582
2870 2678.2247
2871 2678.2989
2872 2679.2344
2873 2681.8956
2874 2681.9003
2875 2682.6835
2876 2684.1106
2877 2684.8054
2878 2684.7529
2879 2685.0717
2880 2686.7224
2881 2686.1168
2882 2687.3190
2883 2688.4629
2884 2690.3760
2885 2689.3005
2886 2691.4896
2887 2690.8638
2888 2692.5842
2889 2696.0751
2890 2694.8352
2891 2695.9438
2892 2696.9044
2893 2697.5859
2894 2699.2261
2895 2700.4415
2896 2699.4988
2897 2701.6465
2898 2701.8896
2899 2704.9619
2900 2704.3265
2901 2705.1792
2902 2710.2148
2903 2712.7786
2904 2715.9628
2905 2714.3710
2906 2714.8926
2907 2716.2718
2908 2716.2714
2909 2718.8949
2910 2720.8828
2911 2722.3571
2912 2723.5999
2913 2725.2028
2914 2722.6829
2915 2725.0902
2916 2724.9901
2917 2726.8242
2918 2727.3938
2919 2727.9093
2920 2730.4126
2921 2729.4888
2922 2729.9825
2923 2730.3814
2924 2731.4478
2925 2733.2145
2926 2731.4586
2927 2733.0887
2928 2732.5934
2929 2734.0367
2930 2734.9709
2931 2738.4372
2932 2740.7140
2933 2741.3030
2934 2740.5897
2935 2742.1457
2936 2741.7219
2937 2741.3089
2938 2743.1313
2939 2741.7139
2940 2743.6393
2941 2745.7657
2942 2746.6068
2943 2747.6614
2944 2746.9078
2945 2748.1581
2946 2748.5904
2947 2750.1137
2948 2749.5244
2949 2750.0669
2950 2751.8224
2951 2755.4270
2952 2754.6143
2953 2754.6154
2954 2755.1304
2955 2755.7578
2956 2758.5838
2957 2762.5259
2958 2762.2332
2959 2763.2269
2960 2765.2070
2961 2766.4962
2962 2766.6132
2963 2767.5069
2964 2770.2740
2965 2769.2795
2966 2771.3967
2967 2773.8407
2968 2774.6665
2969 2777.2738
2970 2777.6950
2971 2776.9862
2972 2778.0763
2973 2778.7262
2974 2778.3918
2975 2778.9441
2976 2777.3668
2977 2779.0881
2978 2782.5829
2979 2782.9158
2980 2785.3076
2981 2786.4334
2982 2785.7019
2983 2789.0569
2984 2790.9512
2985 2791.0994
2986 2791.3264
2987 2789.5224
2988 2792.4630
2989 2792.9415
2990 2795.2457
2991 2793.7528
2992 2796.0873
2993 2795.3398
2994 2797.5710
2995 2797.9533
2996 2799.8946
2997 2800.7546
2998 2799.8551
2999 2801.4495
3000 2802.4657
