0 73.1419
1 77.5338
2 75.1689
3 76.3514
4 75.6757
5 77.1959
6 74.3243
7 74.3243
8 79.8986
9 74.4932
10 78.3784
11 75.5068
12 79.0541
13 80.9122
14 77.027
15 78.8851
16 76.0135
17 76.8581
18 71.9595
19 75.5068
20 77.027
21 76.3514
22 77.1959
23 79.5608
24 75.8446
25 73.6486
26 75
27 73.8176
28 79.8986
29 78.7162
30 76.6892
31 73.3108
32 76.0135
33 77.027
34 75.6757
35 75.3378
36 76.0135
37 75
38 75.5068
39 76.8581
40 74.8311
41 78.5473
42 77.8716
43 76.1824
44 79.7297
45 74.3243
46 76.8581
47 75.8446
48 73.3108
49 75.5068
50 79.223
51 79.3919
52 76.5203
53 74.1554
54 77.1959
55 75.1689
56 74.3243
57 73.8176
58 77.3649
59 74.6622
60 75.8446
61 77.3649
62 76.0135
63 77.8716
64 77.8716
65 72.973
66 77.8716
67 77.3649
68 75.3378
69 75.5068
70 75.8446
71 75.8446
72 76.5203
73 76.5203
74 76.3514
75 76.1824
76 75
77 76.6892
78 75.1689
79 77.3649
80 78.2095
81 74.8311
82 76.8581
83 76.3514
84 76.3514
85 73.3108
86 78.0405
87 74.8311
88 75.1689
89 73.4797
90 76.8581
91 76.3514
92 76.5203
93 76.6892
94 74.6622
95 78.0405
96 75
97 71.6216
98 75.1689
99 73.9865
100 78.3784
101 77.1959
102 77.8716
103 75.8446
104 74.3243
105 76.3514
106 76.0135
107 73.4797
108 74.8311
109 78.2095
110 75.8446
111 78.0405
112 77.7027
113 76.5203
114 75
115 76.6892
116 78.5473
117 75.5068
118 78.2095
119 76.0135
120 75
121 74.8311
122 76.0135
123 74.8311
124 78.3784
125 76.6892
126 76.8581
127 79.3919
128 78.2095
129 77.5338
130 75.1689
131 77.7027
132 76.3514
133 78.5473
134 75.1689
135 78.7162
136 78.8851
137 76.0135
138 80.2365
139 77.3649
140 73.9865
141 78.0405
142 77.5338
143 77.5338
144 75.3378
145 72.2973
146 77.7027
147 78.0405
148 78.8851
149 71.9595
150 73.9865
151 75.8446
152 76.0135
153 75.1689
154 74.8311
155 73.9865
156 75.6757
157 73.6486
158 73.9865
159 74.6622
160 72.973
161 75.5068
162 78.5473
163 75.5068
164 76.3514
165 77.7027
166 73.6486
167 73.8176
168 77.3649
169 77.5338
170 76.1824
171 73.9865
172 75
173 76.6892
174 74.3243
175 72.8041
176 74.8311
177 76.6892
178 79.5608
179 75.6757
180 76.0135
181 75.5068
182 77.5338
183 76.3514
184 76.1824
185 74.8311
186 73.8176
187 76.0135
188 75.8446
189 75.1689
190 75.6757
191 76.6892
192 76.8581
193 75.1689
194 75.3378
195 74.4932
196 72.8041
197 78.3784
198 75.6757
199 74.8311
200 71.9595
201 73.9865
202 72.8041
203 75.3378
204 73.3108
205 77.027
206 75
207 76.6892
208 76.3514
209 74.8311
210 77.027
211 76.3514
212 76.0135
213 74.8311
214 78.0405
215 77.5338
216 78.5473
217 76.1824
218 77.8716
219 77.5338
220 77.8716
221 78.7162
222 78.7162
223 75.6757
224 75.5068
225 77.3649
226 73.3108
227 75.6757
228 73.6486
229 77.7027
230 76.0135
231 76.5203
232 76.5203
233 76.0135
234 74.8311
235 75.3378
236 74.1554
237 73.1419
238 75
239 74.8311
240 78.5473
241 75.5068
242 77.5338
243 75.6757
244 73.4797
245 72.973
246 76.6892
247 76.1824
248 74.6622
249 77.8716
250 74.6622
251 75.6757
252 77.5338
253 78.2095
254 80.7432
255 76.8581
256 78.3784
257 74.4932
258 76.1824
259 74.3243
260 74.1554
261 73.4797
262 71.9595
263 79.3919
264 72.1284
265 77.027
266 74.3243
267 74.6622
268 76.5203
269 78.0405
270 72.8041
271 74.8311
272 74.8311
273 72.2973
274 77.027
275 76.0135
276 79.3919
277 75
278 72.4662
279 75.3378
280 77.1959
281 76.6892
282 78.2095
283 76.1824
284 75.6757
285 75.1689
286 78.2095
287 72.8041
288 74.6622
289 77.027
290 77.1959
291 73.4797
292 74.1554
293 75.1689
294 75.5068
295 73.9865
296 77.1959
297 76.0135
298 76.8581
299 74.1554
300 73.6486
301 76.1824
302 76.0135
303 73.3108
304 76.6892
305 73.9865
306 76.1824
307 77.027
308 74.6622
309 75.6757
310 75.3378
311 74.3243
312 79.3919
313 74.8311
314 75.3378
315 78.3784
316 77.027
317 75.3378
318 77.5338
319 76.0135
320 75
321 73.8176
322 77.5338
323 75.3378
324 77.1959
325 75.1689
326 74.4932
327 75.6757
328 78.5473
329 77.7027
330 79.3919
331 75.5068
332 73.3108
333 76.0135
334 76.1824
335 77.027
336 78.5473
337 77.7027
338 71.4527
339 79.0541
340 76.5203
341 77.7027
342 77.7027
343 78.2095
344 79.3919
345 74.1554
346 77.1959
347 77.8716
348 79.0541
349 76.3514
350 76.8581
351 76.6892
352 73.6486
353 75.6757
354 77.7027
355 78.3784
356 74.4932
357 74.3243
358 76.0135
359 78.5473
360 76.3514
361 76.0135
362 76.0135
363 73.9865
364 74.3243
365 78.5473
366 75.8446
367 73.4797
368 76.3514
369 78.2095
370 74.3243
371 72.8041
372 73.9865
373 74.1554
374 73.9865
375 76.3514
376 75
377 74.8311
378 74.4932
379 74.8311
380 77.5338
381 74.6622
382 74.8311
383 75.5068
384 78.2095
385 77.5338
386 76.1824
387 72.8041
388 76.5203
389 77.1959
390 78.0405
391 76.5203
392 80.0676
393 77.8716
394 78.0405
395 75.6757
396 78.5473
397 76.1824
398 75.3378
399 77.027
400 76.8581
401 76.6892
402 76.0135
403 75.5068
404 71.6216
405 78.2095
406 75.1689
407 73.9865
408 77.027
409 75.8446
410 79.0541
411 78.2095
412 76.6892
413 77.027
414 74.8311
415 79.0541
416 74.8311
417 75.6757
418 73.1419
419 74.1554
420 76.5203
421 74.8311
422 75.3378
423 72.8041
424 79.3919
425 76.0135
426 78.5473
427 76.5203
428 77.3649
429 73.6486
430 76.3514
431 75.1689
432 78.0405
433 76.1824
434 72.1284
435 72.8041
436 75.1689
437 74.1554
438 76.1824
439 77.5338
440 77.3649
441 77.3649
442 74.3243
443 78.5473
444 76.6892
445 78.8851
446 74.6622
447 77.5338
448 75.6757
449 77.8716
450 78.3784
451 76.1824
452 73.4797
453 76.6892
454 78.3784
455 74.6622
456 75
457 76.5203
458 76.8581
459 78.0405
460 75.1689
461 72.973
462 73.1419
463 74.4932
464 72.6351
465 74.6622
466 77.027
467 76.8581
468 75.5068
469 76.6892
470 76.5203
471 78.0405
472 76.6892
473 72.6351
474 76.3514
475 76.3514
476 78.8851
477 78.0405
478 78.5473
479 77.7027
480 77.3649
481 77.8716
482 76.6892
483 76.8581
484 74.4932
485 73.8176
486 74.8311
487 75.6757
488 77.8716
489 76.1824
490 76.0135
491 75
492 72.4662
493 75.3378
494 75.8446
495 76.5203
496 74.1554
497 78.0405
498 75.1689
499 74.3243
500 76.6892
501 75.8446
502 76.6892
503 78.5473
504 76.0135
505 76.5203
506 79.8986
507 75.1689
508 77.1959
509 74.4932
510 74.6622
511 78.2095
512 76.0135
513 77.027
514 76.3514
515 76.1824
516 77.8716
517 78.5473
518 75.8446
519 77.3649
520 77.1959
521 76.5203
522 75.8446
523 76.6892
524 81.0811
525 75.1689
526 77.027
527 76.1824
528 76.3514
529 77.3649
530 77.027
531 77.027
532 73.8176
533 77.3649
534 73.4797
535 76.1824
536 74.8311
537 75.8446
538 79.0541
539 76.3514
540 76.6892
541 77.8716
542 78.0405
543 77.3649
544 79.0541
545 77.5338
546 80.5743
547 75.1689
548 76.8581
549 76.6892
550 74.4932
551 76.8581
552 75
553 75.8446
554 75.6757
555 73.8176
556 78.5473
557 77.3649
558 77.5338
559 79.7297
560 77.027
561 77.3649
562 75.5068
563 81.5878
564 74.4932
565 76.5203
566 76.0135
567 77.3649
568 76.5203
569 76.5203
570 78.0405
571 76.3514
572 74.4932
573 75.6757
574 72.6351
575 78.8851
576 77.027
577 75
578 75.5068
579 75.1689
580 77.3649
581 76.8581
582 77.8716
583 75.3378
584 78.5473
585 78.0405
586 77.5338
587 75.3378
588 75.6757
589 75
590 77.1959
591 76.5203
592 77.3649
593 74.6622
594 77.1959
595 75
596 75.1689
597 77.027
598 74.6622
599 75.8446
600 78.7162
601 71.7905
602 76.8581
603 75.3378
604 75.5068
605 76.1824
606 75.8446
607 77.3649
608 75.3378
609 74.4932
610 71.6216
611 76.8581
612 75.5068
613 74.4932
614 77.3649
615 75.5068
616 78.0405
617 77.027
618 78.7162
619 76.5203
620 76.0135
621 77.7027
622 79.8986
623 76.0135
624 74.1554
625 79.5608
626 73.1419
627 77.1959
628 77.027
629 76.8581
630 73.9865
631 77.3649
632 78.3784
633 75
634 77.7027
635 76.8581
636 73.9865
637 76.1824
638 80.9122
639 76.5203
640 77.3649
641 77.1959
642 77.8716
643 75.8446
644 78.5473
645 77.7027
646 76.5203
647 76.1824
648 75.5068
649 77.3649
650 77.8716
651 75.3378
652 77.3649
653 73.3108
654 78.0405
655 79.0541
656 77.3649
657 73.9865
658 74.4932
659 75.5068
660 75
661 76.6892
662 76.3514
663 78.5473
664 76.5203
665 74.8311
666 75
667 77.5338
668 75
669 78.3784
670 74.1554
671 77.5338
672 75.6757
673 76.8581
674 76.6892
675 75.8446
676 78.5473
677 77.3649
678 78.2095
679 77.7027
680 78.7162
681 76.8581
682 73.9865
683 77.027
684 76.0135
685 77.1959
686 79.7297
687 75.6757
688 77.1959
689 75.8446
690 78.0405
691 78.0405
692 75.1689
693 76.5203
694 76.6892
695 74.6622
696 75.5068
697 72.973
698 73.8176
699 75.8446
700 77.8716
701 78.7162
702 72.2973
703 74.4932
704 74.3243
705 75
706 75.3378
707 77.027
708 77.3649
709 75
710 76.8581
711 76.3514
712 76.1824
713 76.1824
714 75
715 76.6892
716 76.3514
717 77.3649
718 75
719 74.8311
720 77.5338
721 78.3784
722 74.6622
723 77.1959
724 75.6757
725 73.4797
726 75.8446
727 77.3649
728 75.1689
729 79.0541
730 76.1824
731 78.5473
732 76.8581
733 75
734 73.9865
735 72.973
736 72.6351
737 76.0135
738 77.7027
739 75.6757
740 76.1824
741 75.3378
742 74.3243
743 75.1689
744 77.7027
745 75
746 78.0405
747 75
748 77.027
749 78.0405
750 76.8581
751 77.8716
752 78.8851
753 80.0676
754 75.6757
755 77.3649
756 76.5203
757 77.1959
758 75.5068
759 76.1824
760 76.1824
761 73.1419
762 79.0541
763 78.3784
764 79.0541
765 73.9865
766 73.1419
767 75.1689
768 76.3514
769 76.5203
770 77.8716
771 75.1689
772 76.8581
773 77.027
774 73.8176
775 75.3378
776 77.1959
777 75.8446
778 76.6892
779 75
780 75.6757
781 74.4932
782 72.4662
783 77.1959
784 76.0135
785 75.8446
786 78.7162
787 78.5473
788 77.1959
789 76.5203
790 76.5203
791 75.1689
792 78.5473
793 78.0405
794 77.027
795 74.1554
796 75.8446
797 76.1824
798 80.7432
799 74.6622
800 73.4797
801 76.3514
802 72.1284
803 77.3649
804 79.223
805 73.1419
806 76.0135
807 78.5473
808 78.8851
809 74.3243
810 72.973
811 79.3919
812 75.8446
813 78.2095
814 75
815 72.973
816 80.2365
817 76.3514
818 77.7027
819 78.3784
820 79.0541
821 76.5203
822 74.4932
823 73.8176
824 74.4932
825 75.3378
826 74.8311
827 76.0135
828 76.3514
829 75.8446
830 76.3514
831 73.4797
832 71.9595
833 78.3784
834 76.8581
835 77.7027
836 76.3514
837 78.0405
838 77.1959
839 76.5203
840 76.1824
841 75.3378
842 77.027
843 77.3649
844 78.0405
845 76.3514
846 75
847 76.1824
848 74.4932
849 77.7027
850 75.5068
851 80.7432
852 79.3919
853 78.3784
854 76.8581
855 79.7297
856 75
857 73.6486
858 75.1689
859 77.3649
860 77.027
861 77.027
862 79.223
863 75.6757
864 77.027
865 78.2095
866 79.223
867 71.9595
868 76.8581
869 73.9865
870 78.0405
871 73.6486
872 75.3378
873 74.6622
874 76.3514
875 77.3649
876 78.0405
877 75.1689
878 76.0135
879 74.4932
880 76.0135
881 78.5473
882 79.223
883 77.027
884 78.2095
885 75.6757
886 77.7027
887 77.8716
888 78.8851
889 73.6486
890 74.4932
891 77.5338
892 76.0135
893 75.6757
894 78.7162
895 73.8176
896 77.5338
897 73.9865
898 74.3243
899 77.027
900 74.8311
901 74.3243
902 73.3108
903 74.4932
904 76.6892
905 73.4797
906 76.5203
907 79.3919
908 75.8446
909 75.6757
910 76.0135
911 72.973
912 77.7027
913 74.8311
914 72.973
915 73.3108
916 76.0135
917 75.1689
918 76.3514
919 77.1959
920 77.5338
921 77.7027
922 76.8581
923 76.8581
924 73.3108
925 75.8446
926 78.3784
927 77.7027
928 74.8311
929 79.223
930 72.8041
931 79.3919
932 76.1824
933 81.4189
934 77.027
935 71.1149
936 79.5608
937 74.3243
938 76.3514
939 73.4797
940 75.6757
941 76.6892
942 77.1959
943 77.3649
944 77.1959
945 75
946 77.8716
947 77.027
948 78.2095
949 76.0135
950 76.3514
951 76.5203
952 76.5203
953 79.0541
954 75.5068
955 75.8446
956 76.8581
957 75
958 76.6892
959 77.1959
960 77.1959
961 75.5068
962 75.5068
963 75.3378
964 77.027
965 75.3378
966 74.3243
967 75.8446
968 77.7027
969 75.6757
970 72.1284
971 76.1824
972 78.3784
973 75.3378
974 75.5068
975 73.1419
976 71.9595
977 79.8986
978 75.5068
979 79.0541
980 72.4662
981 75.1689
982 75.6757
983 75.6757
984 75.5068
985 75.8446
986 76.8581
987 77.027
988 73.6486
989 72.4662
990 75.8446
991 73.9865
992 74.6622
993 77.3649
994 73.9865
995 75.6757
996 72.8041
997 73.8176
998 76.8581
999 77.7027
1000 77.3649
1001 74.4932
1002 78.5473
1003 76.0135
1004 74.8311
1005 77.8716
1006 76.0135
1007 74.6622
1008 74.8311
1009 75.5068
1010 74.8311
1011 75.3378
1012 72.973
1013 73.3108
1014 75.6757
1015 76.8581
1016 75
1017 74.8311
1018 78.3784
1019 76.3514
1020 78.2095
1021 77.3649
1022 76.6892
1023 77.5338
1024 77.5338
1025 77.1959
1026 73.6486
1027 76.0135
1028 73.3108
1029 75.8446
1030 73.1419
1031 75.1689
1032 75.8446
1033 77.1959
1034 74.4932
1035 77.7027
1036 76.1824
1037 75
1038 76.3514
1039 75.8446
1040 75.6757
1041 75.5068
1042 78.0405
1043 75.3378
1044 76.1824
1045 73.3108
1046 73.4797
1047 75.6757
1048 72.973
1049 78.5473
1050 75.3378
1051 74.8311
1052 75
1053 73.1419
1054 78.2095
1055 77.3649
1056 76.6892
1057 73.6486
1058 72.4662
1059 73.1419
1060 75.8446
1061 73.1419
1062 74.8311
1063 77.3649
1064 74.4932
1065 76.0135
1066 80.7432
1067 76.0135
1068 77.7027
1069 78.7162
1070 74.6622
1071 79.5608
1072 77.1959
1073 78.2095
1074 77.027
1075 74.6622
1076 75.6757
1077 76.5203
1078 75
1079 74.1554
1080 76.1824
1081 74.6622
1082 74.6622
1083 76.0135
1084 79.5608
1085 76.5203
1086 73.6486
1087 73.8176
1088 71.6216
1089 76.1824
1090 75.6757
1091 74.8311
1092 75
1093 74.1554
1094 76.3514
1095 76.3514
1096 77.3649
1097 77.027
1098 75.8446
1099 77.027
1100 71.4527
1101 72.4662
1102 75.1689
1103 77.5338
1104 77.3649
1105 75.3378
1106 76.1824
1107 78.2095
1108 76.1824
1109 78.2095
1110 73.8176
1111 79.3919
1112 76.5203
1113 79.3919
1114 76.8581
1115 75.1689
1116 77.5338
1117 75.5068
1118 77.027
1119 75.5068
1120 77.1959
1121 79.0541
1122 73.9865
1123 72.8041
1124 74.8311
1125 76.6892
1126 75.5068
1127 78.0405
1128 78.3784
1129 76.1824
1130 78.5473
1131 77.5338
1132 75.3378
1133 76.3514
1134 73.8176
1135 73.3108
1136 77.3649
1137 71.7905
1138 76.1824
1139 75.3378
1140 75.1689
1141 72.973
1142 78.2095
1143 76.0135
1144 76.1824
1145 75.1689
1146 75.6757
1147 77.027
1148 75
1149 77.3649
1150 77.3649
1151 74.8311
1152 75.6757
1153 73.6486
1154 76.3514
1155 75.5068
1156 74.1554
1157 75.3378
1158 77.027
1159 74.3243
1160 74.1554
1161 77.1959
1162 71.7905
1163 75
1164 73.9865
1165 75.5068
1166 78.2095
1167 73.6486
1168 76.8581
1169 75.3378
1170 77.5338
1171 76.0135
1172 76.6892
1173 75.6757
1174 74.4932
1175 75.3378
1176 78.0405
1177 72.6351
1178 77.5338
1179 73.4797
1180 76.0135
1181 78.2095
1182 75
1183 77.7027
1184 79.3919
1185 79.223
1186 75.3378
1187 76.1824
1188 75.8446
1189 73.8176
1190 75.8446
1191 75.8446
1192 79.7297
1193 73.1419
1194 78.0405
1195 78.5473
1196 74.4932
1197 73.4797
1198 73.1419
1199 76.0135
1200 78.7162
1201 78.2095
1202 76.1824
1203 73.8176
1204 78.3784
1205 77.027
1206 74.8311
1207 73.8176
1208 74.8311
1209 75.3378
1210 73.1419
1211 72.1284
1212 78.3784
1213 79.8986
1214 77.3649
1215 75.6757
1216 76.5203
1217 76.5203
1218 74.3243
1219 75.6757
1220 77.5338
1221 76.6892
1222 77.3649
1223 73.9865
1224 74.6622
1225 77.5338
1226 74.1554
1227 77.8716
1228 77.5338
1229 74.1554
1230 80.7432
1231 77.3649
1232 76.5203
1233 77.7027
1234 78.7162
1235 77.8716
1236 77.1959
1237 77.027
1238 76.5203
1239 73.9865
1240 72.8041
1241 76.5203
1242 76.6892
1243 75.5068
1244 75
1245 78.0405
1246 77.027
1247 77.5338
1248 78.0405
1249 76.8581
1250 78.0405
1251 76.3514
1252 78.7162
1253 77.3649
1254 75.8446
1255 76.0135
1256 77.1959
1257 75.1689
1258 76.5203
1259 79.5608
1260 74.1554
1261 72.4662
1262 77.7027
1263 76.5203
1264 79.3919
1265 76.3514
1266 75.5068
1267 78.3784
1268 78.3784
1269 73.8176
1270 72.1284
1271 73.4797
1272 75.1689
1273 75
1274 74.3243
1275 78.5473
1276 80.0676
1277 78.5473
1278 75.3378
1279 78.3784
1280 76.5203
1281 78.7162
1282 77.3649
1283 75.8446
1284 75.8446
1285 78.5473
1286 74.6622
1287 75
1288 72.973
1289 76.3514
1290 73.9865
1291 75.5068
1292 76.1824
1293 78.8851
1294 74.6622
1295 74.6622
1296 76.3514
1297 74.8311
1298 76.0135
1299 75.3378
1300 74.1554
1301 76.8581
1302 76.6892
1303 75.1689
1304 75.8446
1305 77.7027
1306 75.8446
1307 73.9865
1308 78.8851
1309 73.9865
1310 74.6622
1311 75.8446
1312 77.7027
1313 76.1824
1314 73.1419
1315 74.3243
1316 74.3243
1317 72.8041
1318 74.8311
1319 77.1959
1320 72.2973
1321 74.6622
1322 73.1419
1323 74.3243
1324 73.9865
1325 75.1689
1326 74.4932
1327 77.5338
1328 78.5473
1329 78.7162
1330 78.3784
1331 75.5068
1332 73.6486
1333 74.6622
1334 75.1689
1335 77.3649
1336 76.8581
1337 76.5203
1338 75.8446
1339 75.6757
1340 79.0541
1341 76.5203
1342 72.973
1343 78.3784
1344 77.3649
1345 76.1824
1346 74.6622
1347 76.6892
1348 76.6892
1349 78.7162
1350 75.8446
1351 74.4932
1352 78.8851
1353 78.2095
1354 78.7162
1355 78.2095
1356 78.7162
1357 78.0405
1358 75.3378
1359 76.6892
1360 76.3514
1361 70.9459
1362 75.6757
1363 75.5068
1364 78.0405
1365 76.1824
1366 80.5743
1367 73.9865
1368 77.027
1369 76.3514
1370 74.6622
1371 72.973
1372 76.3514
1373 79.3919
1374 74.3243
1375 73.8176
1376 77.027
1377 75
1378 73.6486
1379 75.1689
1380 70.9459
1381 74.1554
1382 74.4932
1383 75.1689
1384 74.3243
1385 77.7027
1386 74.3243
1387 74.3243
1388 77.8716
1389 74.1554
1390 75
1391 77.027
1392 75.5068
1393 75.8446
1394 76.6892
1395 73.4797
1396 73.1419
1397 74.4932
1398 77.8716
1399 76.0135
1400 77.3649
1401 79.223
1402 73.8176
1403 73.1419
1404 76.1824
1405 74.1554
1406 76.8581
1407 77.5338
1408 75
1409 73.8176
1410 73.1419
1411 78.5473
1412 76.6892
1413 77.027
1414 74.1554
1415 77.1959
1416 73.4797
1417 76.0135
1418 76.6892
1419 74.8311
1420 78.2095
1421 76.0135
1422 76.0135
1423 73.6486
1424 78.7162
1425 73.6486
1426 75.1689
1427 74.8311
1428 76.1824
1429 73.6486
1430 74.3243
1431 76.8581
1432 77.8716
1433 77.5338
1434 76.8581
1435 72.8041
1436 75.5068
1437 77.027
1438 75.8446
1439 79.3919
1440 75.3378
1441 74.8311
1442 73.4797
1443 78.5473
1444 77.7027
1445 77.027
1446 72.4662
1447 75.6757
1448 74.1554
1449 71.6216
1450 73.8176
1451 76.5203
1452 77.1959
1453 78.3784
1454 72.6351
1455 77.5338
1456 75.1689
1457 76.6892
1458 72.8041
1459 75.6757
1460 78.0405
1461 77.1959
1462 75.1689
1463 76.1824
1464 76.1824
1465 75.3378
1466 75.1689
1467 72.6351
1468 75.5068
1469 77.7027
1470 75.6757
1471 77.3649
1472 76.5203
1473 76.1824
1474 75.1689
1475 76.6892
1476 77.7027
1477 78.5473
1478 75.6757
1479 75.1689
1480 76.3514
1481 73.3108
1482 78.3784
1483 76.8581
1484 71.7905
1485 73.6486
1486 77.1959
1487 74.6622
1488 73.9865
1489 78.0405
1490 74.6622
1491 77.5338
1492 76.6892
1493 78.0405
1494 77.1959
1495 74.1554
1496 77.5338
1497 78.0405
1498 77.1959
1499 77.1959
1500 79.7297
1501 76.3514
1502 75.8446
1503 79.223
1504 75.3378
1505 72.973
1506 75.8446
1507 75.6757
1508 77.7027
1509 77.1959
1510 75.8446
1511 73.3108
1512 75.1689
1513 76.0135
1514 72.6351
1515 72.973
1516 76.6892
1517 76.8581
1518 74.3243
1519 76.5203
1520 74.6622
1521 78.8851
1522 75.8446
1523 78.3784
1524 77.027
1525 76.1824
1526 77.5338
1527 78.0405
1528 77.1959
1529 75.1689
1530 77.7027
1531 75.3378
1532 75.8446
1533 73.3108
1534 75
1535 74.8311
1536 77.027
1537 77.027
1538 75.6757
1539 75.8446
1540 75.5068
1541 76.1824
1542 73.9865
1543 77.027
1544 83.1081
1545 76.5203
1546 76.1824
1547 77.3649
1548 76.0135
1549 75.8446
1550 73.1419
1551 74.4932
1552 74.8311
1553 76.6892
1554 78.5473
1555 76.3514
1556 77.5338
1557 75.6757
1558 76.3514
1559 78.7162
1560 77.027
1561 74.4932
1562 77.1959
1563 79.5608
1564 76.3514
1565 75.3378
1566 72.4662
1567 73.8176
1568 75.6757
1569 79.223
1570 76.1824
1571 75.3378
1572 77.3649
1573 75.6757
1574 75
1575 72.973
1576 76.1824
1577 78.3784
1578 76.3514
1579 76.0135
1580 74.8311
1581 76.8581
1582 76.1824
1583 77.8716
1584 74.8311
1585 76.3514
1586 74.3243
1587 74.3243
1588 74.6622
1589 75.6757
1590 73.8176
1591 73.4797
1592 73.8176
1593 75.6757
1594 75.8446
1595 72.4662
1596 73.3108
1597 78.5473
1598 76.3514
1599 73.1419
1600 77.5338
1601 76.3514
1602 77.027
1603 77.8716
1604 79.223
1605 77.1959
1606 79.223
1607 75.5068
1608 75
1609 74.3243
1610 75.5068
1611 75.5068
1612 74.4932
1613 73.3108
1614 72.8041
1615 74.4932
1616 75.6757
1617 74.8311
1618 76.6892
1619 74.3243
1620 79.0541
1621 76.3514
1622 78.7162
1623 76.8581
1624 77.3649
1625 75.6757
1626 73.3108
1627 76.5203
1628 75.5068
1629 76.0135
1630 74.4932
1631 76.8581
1632 78.8851
1633 77.7027
1634 75.8446
1635 77.7027
1636 75.6757
1637 76.3514
1638 76.1824
1639 73.9865
1640 73.6486
1641 73.6486
1642 75.1689
1643 75.6757
1644 76.0135
1645 76.5203
1646 73.6486
1647 75
1648 72.4662
1649 73.3108
1650 73.4797
1651 73.9865
1652 77.5338
1653 74.3243
1654 73.1419
1655 73.4797
1656 74.8311
1657 76.0135
1658 76.6892
1659 76.3514
1660 72.973
1661 79.3919
1662 76.0135
1663 77.5338
1664 77.027
1665 79.0541
1666 74.1554
1667 77.027
1668 77.5338
1669 75.5068
1670 76.1824
1671 75
1672 79.0541
1673 79.8986
1674 79.223
1675 79.0541
1676 75.6757
1677 74.8311
1678 76.5203
1679 77.3649
1680 75.5068
1681 76.1824
1682 77.5338
1683 76.5203
1684 75
1685 75.3378
1686 76.5203
1687 75.1689
1688 75.3378
1689 76.5203
1690 77.8716
1691 78.8851
1692 76.3514
1693 76.8581
1694 74.4932
1695 74.4932
1696 77.5338
1697 79.7297
1698 79.5608
1699 75.1689
1700 74.6622
1701 77.3649
1702 76.8581
1703 77.1959
1704 76.3514
1705 75.6757
1706 78.0405
1707 78.2095
1708 76.5203
1709 76.1824
1710 75.6757
1711 71.9595
1712 75.3378
1713 73.8176
1714 74.8311
1715 75.6757
1716 74.8311
1717 75.3378
1718 78.2095
1719 75.8446
1720 75.1689
1721 77.027
1722 72.8041
1723 75.5068
1724 78.2095
1725 78.3784
1726 79.223
1727 79.223
1728 77.5338
1729 74.3243
1730 75.3378
1731 77.5338
1732 75.8446
1733 75.6757
1734 73.3108
1735 75.6757
1736 74.1554
1737 80.0676
1738 73.1419
1739 75
1740 79.223
1741 74.3243
1742 76.1824
1743 73.9865
1744 78.5473
1745 78.7162
1746 73.3108
1747 75.3378
1748 72.2973
1749 76.8581
1750 76.8581
1751 77.3649
1752 77.1959
1753 77.1959
1754 76.6892
1755 73.4797
1756 73.4797
1757 75.8446
1758 75.1689
1759 76.5203
1760 76.8581
1761 77.5338
1762 75.5068
1763 76.5203
1764 77.1959
1765 76.6892
1766 76.6892
1767 78.0405
1768 75.5068
1769 75.5068
1770 75.8446
1771 76.0135
1772 75.3378
1773 75.6757
1774 77.1959
1775 75.3378
1776 78.3784
1777 72.973
1778 74.4932
1779 74.3243
1780 75.5068
1781 76.1824
1782 75.5068
1783 74.3243
1784 76.1824
1785 75.1689
1786 73.8176
1787 73.1419
1788 77.8716
1789 75.8446
1790 74.4932
1791 78.7162
1792 77.8716
1793 73.9865
1794 75.5068
1795 77.3649
1796 77.7027
1797 75.3378
1798 78.5473
1799 75.5068
1800 78.2095
1801 77.027
1802 72.973
1803 76.0135
1804 78.2095
1805 78.5473
1806 77.1959
1807 73.6486
1808 76.8581
1809 77.7027
1810 76.6892
1811 76.1824
1812 76.1824
1813 76.8581
1814 72.8041
1815 79.0541
1816 72.2973
1817 77.3649
1818 76.5203
1819 76.3514
1820 76.3514
1821 77.5338
1822 75.6757
1823 76.5203
1824 74.1554
1825 79.223
1826 76.5203
1827 74.6622
1828 76.0135
1829 76.1824
1830 76.1824
1831 73.9865
1832 75.5068
1833 76.8581
1834 77.5338
1835 82.4324
1836 74.4932
1837 76.6892
1838 75.5068
1839 74.1554
1840 74.4932
1841 74.4932
1842 79.5608
1843 77.5338
1844 77.7027
1845 75.1689
1846 77.5338
1847 74.8311
1848 74.3243
1849 75.8446
1850 78.8851
1851 73.9865
1852 74.6622
1853 78.5473
1854 77.027
1855 76.5203
1856 75.5068
1857 77.7027
1858 77.1959
1859 74.8311
1860 76.5203
1861 76.0135
1862 76.8581
1863 74.3243
1864 76.6892
1865 77.3649
1866 74.8311
1867 75
1868 75.6757
1869 75.3378
1870 75.5068
1871 76.6892
1872 76.8581
1873 77.3649
1874 74.4932
1875 72.8041
1876 78.2095
1877 76.1824
1878 75
1879 77.7027
1880 75.8446
1881 73.6486
1882 77.027
1883 74.8311
1884 78.3784
1885 73.6486
1886 74.6622
1887 72.2973
1888 73.4797
1889 76.5203
1890 74.8311
1891 77.027
1892 76.8581
1893 72.1284
1894 76.3514
1895 77.027
1896 76.1824
1897 81.4189
1898 77.8716
1899 77.027
1900 75.8446
1901 78.0405
1902 76.3514
1903 79.0541
1904 80.5743
1905 79.7297
1906 74.3243
1907 71.7905
1908 79.223
1909 77.1959
1910 78.0405
1911 77.8716
1912 74.4932
1913 76.3514
1914 76.0135
1915 72.973
1916 75.1689
1917 75.6757
1918 73.1419
1919 76.0135
1920 77.5338
1921 79.5608
1922 77.8716
1923 78.7162
1924 77.8716
1925 75
1926 77.5338
1927 76.1824
1928 77.7027
1929 78.5473
1930 76.5203
1931 76.5203
1932 77.3649
1933 78.2095
1934 76.3514
1935 74.1554
1936 76.5203
1937 74.4932
1938 76.1824
1939 72.4662
1940 77.5338
1941 76.1824
1942 77.1959
1943 76.3514
1944 76.1824
1945 75.5068
1946 72.8041
1947 73.1419
1948 78.0405
1949 76.1824
1950 76.8581
1951 77.8716
1952 78.2095
1953 74.4932
1954 76.3514
1955 76.1824
1956 75.8446
1957 77.7027
1958 78.3784
1959 79.223
1960 74.6622
1961 76.0135
1962 78.7162
1963 74.3243
1964 76.6892
1965 77.8716
1966 76.0135
1967 75.6757
1968 73.8176
1969 75.3378
1970 76.0135
1971 75
1972 76.8581
1973 76.0135
1974 76.5203
1975 75.5068
1976 74.6622
1977 77.1959
1978 76.8581
1979 77.7027
1980 79.223
1981 76.6892
1982 77.7027
1983 75.6757
1984 76.0135
1985 75.1689
1986 75
1987 79.223
1988 75.8446
1989 77.3649
1990 75.5068
1991 76.0135
1992 75.5068
1993 75.1689
1994 73.9865
1995 76.8581
1996 76.8581
1997 74.8311
1998 77.3649
1999 73.9865
2000 75.5068
2001 74.1554
2002 76.8581
2003 76.1824
2004 74.3243
2005 75.5068
2006 76.3514
2007 78.2095
2008 78.2095
2009 75.8446
2010 75.3378
2011 77.027
2012 76.1824
2013 70.1014
2014 74.8311
2015 78.2095
2016 74.8311
2017 76.0135
2018 77.7027
2019 77.7027
2020 77.7027
2021 74.8311
2022 77.7027
2023 77.027
2024 76.6892
2025 78.0405
2026 77.1959
2027 74.4932
2028 78.0405
2029 74.6622
2030 78.0405
2031 76.8581
2032 77.027
2033 76.1824
2034 73.8176
2035 77.1959
2036 76.8581
2037 77.1959
2038 75.5068
2039 74.8311
2040 77.5338
2041 77.8716
2042 79.8986
2043 75.6757
2044 77.5338
2045 73.6486
2046 78.3784
2047 74.4932
2048 75.1689
2049 75.5068
2050 73.1419
2051 76.0135
2052 74.3243
2053 73.9865
2054 75.3378
2055 78.0405
2056 76.3514
2057 77.1959
2058 76.6892
2059 75.1689
2060 77.5338
2061 78.0405
2062 75
2063 79.8986
2064 78.2095
2065 75
2066 76.3514
2067 77.5338
2068 75.1689
2069 73.1419
2070 72.2973
2071 75.3378
2072 78.8851
2073 77.8716
2074 74.4932
2075 77.7027
2076 78.0405
2077 77.7027
2078 76.3514
2079 78.0405
2080 79.3919
2081 75
2082 76.0135
2083 79.0541
2084 75.8446
2085 76.5203
2086 77.1959
2087 77.3649
2088 75.8446
2089 74.4932
2090 75.8446
2091 74.1554
2092 79.3919
2093 76.0135
2094 72.973
2095 77.027
2096 75.3378
2097 78.0405
2098 77.8716
2099 76.3514
2100 78.3784
2101 75.6757
2102 75.6757
2103 75.6757
2104 77.5338
2105 77.8716
2106 75.5068
2107 77.7027
2108 78.0405
2109 73.6486
2110 79.0541
2111 75
2112 78.0405
2113 73.8176
2114 76.0135
2115 76.3514
2116 72.6351
2117 77.1959
2118 77.1959
2119 72.973
2120 75.8446
2121 76.6892
2122 77.5338
2123 73.9865
2124 76.6892
2125 75.1689
2126 76.6892
2127 77.027
2128 75.1689
2129 73.4797
2130 75.1689
2131 79.3919
2132 74.1554
2133 78.3784
2134 79.0541
2135 78.3784
2136 74.8311
2137 72.2973
2138 77.027
2139 75.8446
2140 79.5608
2141 75.5068
2142 76.0135
2143 74.8311
2144 74.4932
2145 74.1554
2146 77.5338
2147 76.3514
2148 77.1959
2149 75.8446
2150 77.3649
2151 75.3378
2152 75.5068
2153 78.0405
2154 75
2155 77.5338
2156 75.8446
2157 77.1959
2158 75.8446
2159 75.5068
2160 76.1824
2161 75
2162 76.5203
2163 76.1824
2164 74.4932
2165 78.8851
2166 78.0405
2167 75.8446
2168 74.3243
2169 76.0135
2170 77.027
2171 76.1824
2172 80.4054
2173 79.3919
2174 75.8446
2175 75.8446
2176 78.3784
2177 74.3243
2178 76.1824
2179 74.8311
2180 76.6892
2181 77.1959
2182 71.2838
2183 75.5068
2184 75.1689
2185 74.8311
2186 73.1419
2187 78.3784
2188 76.1824
2189 78.0405
2190 80.7432
2191 77.3649
2192 76.1824
2193 79.223
2194 77.5338
2195 73.6486
2196 75.5068
2197 73.3108
2198 75.3378
2199 76.8581
2200 75.6757
2201 77.8716
2202 79.0541
2203 74.8311
2204 76.8581
2205 78.5473
2206 78.8851
2207 78.2095
2208 77.1959
2209 77.1959
2210 74.4932
2211 76.8581
2212 77.1959
2213 73.8176
2214 80.5743
2215 79.0541
2216 77.027
2217 75.3378
2218 74.8311
2219 79.0541
2220 75
2221 75
2222 79.0541
2223 79.0541
2224 76.0135
2225 77.027
2226 75.3378
2227 77.027
2228 74.8311
2229 74.3243
2230 77.7027
2231 73.3108
2232 72.2973
2233 77.7027
2234 76.3514
2235 73.1419
2236 75.6757
2237 73.9865
2238 77.5338
2239 79.223
2240 75.5068
2241 75.6757
2242 76.8581
2243 74.1554
2244 77.1959
2245 77.5338
2246 78.5473
2247 79.3919
2248 76.6892
2249 74.8311
2250 77.5338
2251 76.1824
2252 76.5203
2253 77.8716
2254 73.4797
2255 77.3649
2256 77.027
2257 77.5338
2258 75.1689
2259 72.8041
2260 76.8581
2261 78.3784
2262 76.1824
2263 75.6757
2264 75
2265 76.5203
2266 74.3243
2267 77.027
2268 76.1824
2269 79.3919
2270 75.6757
2271 77.8716
2272 76.8581
2273 77.8716
2274 74.3243
2275 79.0541
2276 77.5338
2277 75.5068
2278 76.1824
2279 75
2280 75.1689
2281 77.027
2282 76.8581
2283 76.3514
2284 77.3649
2285 76.6892
2286 77.3649
2287 77.5338
2288 76.0135
2289 75.3378
2290 76.0135
2291 73.8176
2292 75.8446
2293 77.1959
2294 75.5068
2295 80.7432
2296 76.8581
2297 79.0541
2298 77.5338
2299 75.5068
2300 75.5068
2301 75.3378
2302 75.1689
2303 76.0135
2304 74.8311
2305 75.8446
2306 75.3378
2307 75
2308 75.3378
2309 76.1824
2310 77.027
2311 75.6757
2312 73.1419
2313 76.1824
2314 74.8311
2315 76.6892
2316 75.8446
2317 79.0541
2318 78.3784
2319 76.8581
2320 79.8986
2321 75.1689
2322 75
2323 77.027
2324 77.1959
2325 75.3378
2326 76.3514
2327 77.7027
2328 78.0405
2329 75.1689
2330 74.3243
2331 78.2095
2332 78.2095
2333 77.1959
2334 76.5203
2335 75.6757
2336 76.5203
2337 74.6622
2338 74.8311
2339 78.7162
2340 75.1689
2341 74.6622
2342 74.6622
2343 77.027
2344 78.2095
2345 74.6622
2346 76.0135
2347 70.9459
2348 72.973
2349 74.3243
2350 73.8176
2351 79.3919
2352 75
2353 76.6892
2354 76.3514
2355 76.5203
2356 75
2357 78.0405
2358 74.6622
2359 77.7027
2360 74.8311
2361 78.3784
2362 76.6892
2363 76.3514
2364 74.6622
2365 76.1824
2366 79.0541
2367 77.7027
2368 76.8581
2369 75.3378
2370 77.5338
2371 76.3514
2372 79.7297
2373 76.8581
2374 78.8851
2375 76.8581
2376 75.1689
2377 79.223
2378 78.7162
2379 77.1959
2380 74.4932
2381 76.3514
2382 75.5068
2383 75.8446
2384 75.5068
2385 73.6486
2386 78.0405
2387 77.1959
2388 78.3784
2389 78.2095
2390 75.8446
2391 76.1824
2392 77.8716
2393 77.027
2394 76.1824
2395 75.6757
2396 74.1554
2397 77.3649
2398 75.5068
2399 77.027
2400 72.973
2401 76.3514
2402 77.3649
2403 76.5203
2404 78.8851
2405 75.1689
2406 73.6486
2407 73.9865
2408 78.0405
2409 74.1554
2410 78.0405
2411 77.7027
2412 79.5608
2413 75.6757
2414 72.4662
2415 73.3108
2416 75.5068
2417 77.1959
2418 71.7905
2419 73.1419
2420 74.8311
2421 77.7027
2422 76.1824
2423 76.5203
2424 76.0135
2425 74.3243
2426 76.5203
2427 78.7162
2428 74.8311
2429 76.0135
2430 77.5338
2431 76.0135
2432 76.1824
2433 79.0541
2434 77.027
2435 76.6892
2436 77.3649
2437 76.1824
2438 75.6757
2439 75.6757
2440 79.223
2441 76.3514
2442 78.2095
2443 76.5203
2444 77.5338
2445 77.8716
2446 77.3649
2447 74.6622
2448 78.7162
2449 74.8311
2450 76.5203
2451 78.0405
2452 77.8716
2453 77.8716
2454 75.1689
2455 74.4932
2456 76.3514
2457 73.8176
2458 79.0541
2459 76.5203
2460 75.6757
2461 75
2462 77.027
2463 76.1824
2464 75.3378
2465 79.7297
2466 76.3514
2467 76.1824
2468 76.8581
2469 75
2470 73.8176
2471 75
2472 77.5338
2473 75
2474 73.8176
2475 77.8716
2476 78.2095
2477 77.1959
2478 75.8446
2479 77.7027
2480 74.4932
2481 75.6757
2482 74.1554
2483 71.9595
2484 76.3514
2485 75.6757
2486 76.8581
2487 76.1824
2488 74.6622
2489 76.1824
2490 73.1419
2491 78.8851
2492 78.0405
2493 74.8311
2494 75.3378
2495 75.8446
2496 74.1554
2497 75
2498 77.8716
2499 76.1824
2500 71.4527
2501 77.027
2502 75.8446
2503 76.0135
2504 76.1824
2505 75.1689
2506 73.1419
2507 75.6757
2508 75.6757
2509 77.3649
2510 76.3514
2511 74.1554
2512 78.8851
2513 76.6892
2514 76.3514
2515 77.5338
2516 78.8851
2517 74.6622
2518 78.7162
2519 74.4932
2520 76.6892
2521 72.6351
2522 75
2523 76.8581
2524 78.2095
2525 74.4932
2526 76.3514
2527 77.027
2528 76.8581
2529 78.5473
2530 77.7027
2531 81.25
2532 74.8311
2533 78.7162
2534 78.2095
2535 76.6892
2536 75.1689
2537 76.3514
2538 78.0405
2539 76.1824
2540 73.4797
2541 76.6892
2542 75.5068
2543 73.1419
2544 77.3649
2545 78.2095
2546 77.027
2547 77.5338
2548 77.5338
2549 73.6486
2550 75.1689
2551 77.027
2552 74.3243
2553 75.1689
2554 74.8311
2555 76.8581
2556 77.8716
2557 74.8311
2558 76.6892
2559 73.6486
2560 74.6622
2561 79.223
2562 76.8581
2563 78.5473
2564 76.8581
2565 76.3514
2566 75
2567 76.0135
2568 75.6757
2569 74.4932
2570 77.027
2571 75.6757
2572 78.7162
2573 76.0135
2574 76.1824
2575 77.1959
2576 71.9595
2577 75.8446
2578 79.0541
2579 77.027
2580 74.3243
2581 79.223
2582 76.3514
2583 75.5068
2584 76.6892
2585 78.5473
2586 77.7027
2587 79.0541
2588 76.8581
2589 75.5068
2590 72.1284
2591 72.1284
2592 73.9865
2593 77.5338
2594 72.973
2595 79.0541
2596 74.4932
2597 75.1689
2598 76.8581
2599 78.8851
2600 79.0541
2601 80.0676
2602 78.2095
2603 77.027
2604 76.0135
2605 77.1959
2606 78.0405
2607 75.6757
2608 73.6486
2609 77.1959
2610 77.5338
2611 78.8851
2612 76.0135
2613 77.7027
2614 80.4054
2615 75.6757
2616 76.8581
2617 77.3649
2618 72.6351
2619 74.3243
2620 73.6486
2621 75.6757
2622 76.3514
2623 77.1959
2624 76.5203
2625 77.7027
2626 76.3514
2627 76.6892
2628 76.0135
2629 76.0135
2630 77.027
2631 77.3649
2632 73.9865
2633 73.9865
2634 78.3784
2635 78.5473
2636 78.0405
2637 77.7027
2638 74.1554
2639 74.8311
2640 75.8446
2641 77.8716
2642 76.5203
2643 76.1824
2644 75.5068
2645 73.9865
2646 77.3649
2647 77.1959
2648 75.8446
2649 77.3649
2650 75.6757
2651 75.3378
2652 73.4797
2653 75
2654 77.8716
2655 75.6757
2656 74.1554
2657 76.6892
2658 73.3108
2659 78.2095
2660 75.8446
2661 72.2973
2662 75.1689
2663 74.1554
2664 75
2665 73.9865
2666 76.5203
2667 75
2668 75.3378
2669 77.8716
2670 76.1824
2671 75.5068
2672 77.5338
2673 74.3243
2674 75
2675 73.9865
2676 75.3378
2677 74.8311
2678 74.6622
2679 76.8581
2680 75.3378
2681 75.6757
2682 75.1689
2683 76.1824
2684 75.1689
2685 77.027
2686 77.8716
2687 76.5203
2688 77.027
2689 74.3243
2690 76.3514
2691 77.7027
2692 75.5068
2693 78.0405
2694 75.6757
2695 80.4054
2696 74.1554
2697 77.5338
2698 78.8851
2699 75
2700 75.8446
2701 77.027
2702 75.5068
2703 73.3108
2704 75.1689
2705 76.6892
2706 73.6486
2707 78.8851
2708 78.0405
2709 79.3919
2710 74.4932
2711 74.4932
2712 76.8581
2713 77.5338
2714 72.8041
2715 79.3919
2716 74.3243
2717 77.8716
2718 76.0135
2719 74.8311
2720 77.8716
2721 78.3784
2722 75.3378
2723 77.7027
2724 77.7027
2725 77.027
2726 70.1014
2727 72.6351
2728 74.4932
2729 76.5203
2730 78.7162
2731 75.6757
2732 75.6757
2733 75.3378
2734 76.1824
2735 74.6622
2736 77.1959
2737 75.8446
2738 75.5068
2739 75.5068
2740 76.5203
2741 77.027
2742 72.4662
2743 76.1824
2744 75
2745 79.0541
2746 76.1824
2747 75.6757
2748 77.8716
2749 75.8446
2750 72.6351
2751 74.1554
2752 79.5608
2753 75.8446
2754 78.7162
2755 76.1824
2756 72.6351
2757 73.1419
2758 74.6622
2759 75.5068
2760 76.3514
2761 77.3649
2762 74.6622
2763 77.5338
2764 77.027
2765 78.2095
2766 75.3378
2767 76.0135
2768 74.1554
2769 76.6892
2770 76.6892
2771 77.5338
2772 76.1824
2773 75.1689
2774 77.7027
2775 77.7027
2776 75.8446
2777 76.5203
2778 76.1824
2779 76.3514
2780 72.973
2781 72.6351
2782 73.4797
2783 73.3108
2784 72.973
2785 76.3514
2786 70.9459
2787 75.1689
2788 76.5203
2789 76.5203
2790 76.6892
2791 73.3108
2792 76.3514
2793 74.1554
2794 73.8176
2795 73.3108
2796 73.3108
2797 73.3108
2798 77.7027
2799 76.8581
2800 76.6892
2801 77.7027
2802 77.1959
2803 73.4797
2804 77.7027
2805 75.8446
2806 75
2807 76.6892
2808 75.3378
2809 75
2810 73.4797
2811 75.3378
2812 78.2095
2813 77.5338
2814 77.1959
2815 77.7027
2816 78.2095
2817 73.9865
2818 75
2819 77.5338
2820 78.3784
2821 75.6757
2822 73.6486
2823 77.5338
2824 77.7027
2825 77.5338
2826 74.3243
2827 75.5068
2828 78.0405
2829 76.1824
2830 75.1689
2831 75.3378
2832 73.1419
2833 74.3243
2834 76.0135
2835 75
2836 76.0135
2837 74.3243
2838 75
2839 77.8716
2840 76.3514
2841 73.9865
2842 73.8176
2843 74.4932
2844 78.0405
2845 75.6757
2846 77.1959
2847 76.8581
2848 79.0541
2849 78.2095
2850 79.7297
2851 73.9865
2852 78.3784
2853 74.4932
2854 78.2095
2855 77.5338
2856 79.7297
2857 73.3108
2858 78.7162
2859 74.6622
2860 75.8446
2861 77.1959
2862 78.2095
2863 77.7027
2864 77.027
2865 72.973
2866 73.4797
2867 76.5203
2868 76.1824
2869 76.1824
2870 76.8581
2871 76.1824
2872 78.0405
2873 73.9865
2874 76.3514
2875 76.1824
2876 78.3784
2877 78.2095
2878 71.6216
2879 76.5203
2880 76.8581
2881 76.1824
2882 78.8851
2883 72.4662
2884 77.7027
2885 75.6757
2886 75.8446
2887 78.2095
2888 73.4797
2889 77.3649
2890 75.3378
2891 73.8176
2892 76.8581
2893 75.3378
2894 74.3243
2895 75.3378
2896 76.0135
2897 77.8716
2898 78.2095
2899 77.027
2900 80.9122
2901 76.1824
2902 79.0541
2903 77.7027
2904 78.3784
2905 73.4797
2906 75
2907 74.6622
2908 76.6892
2909 76.6892
2910 77.3649
2911 75.1689
2912 75.3378
2913 77.027
2914 77.027
2915 73.6486
2916 78.5473
2917 73.9865
2918 76.6892
2919 74.8311
2920 76.0135
2921 74.6622
2922 73.4797
2923 76.8581
2924 75.8446
2925 75.5068
2926 78.7162
2927 73.3108
2928 77.3649
2929 75.3378
2930 76.8581
2931 80.0676
2932 78.0405
2933 73.8176
2934 72.2973
2935 76.1824
2936 75.1689
2937 78.2095
2938 78.5473
2939 80.5743
2940 74.3243
2941 77.5338
2942 76.3514
2943 77.3649
2944 80.5743
2945 74.6622
2946 77.7027
2947 75.6757
2948 78.2095
2949 78.3784
2950 77.7027
2951 73.8176
2952 75
2953 75.5068
2954 77.027
2955 77.7027
2956 75.1689
2957 76.8581
2958 76.3514
2959 75.5068
2960 78.3784
2961 75.5068
2962 72.973
2963 74.4932
2964 77.027
2965 77.3649
2966 76.8581
2967 75.1689
2968 74.1554
2969 77.027
2970 74.4932
2971 77.1959
2972 78.0405
2973 77.8716
2974 77.1959
2975 77.3649
2976 73.1419
2977 79.5608
2978 75.6757
2979 76.0135
2980 77.3649
2981 75.3378
2982 74.4932
2983 72.8041
2984 72.8041
2985 75.6757
2986 77.027
2987 74.1554
2988 75.5068
2989 78.0405
2990 78.0405
2991 76.5203
2992 75.3378
2993 75
2994 75
2995 77.1959
2996 77.1959
2997 75.5068
2998 73.6486
2999 78.2095
3000 77.027
