0 23.6486
1 20.1014
2 22.2973
3 19.9324
4 21.4527
5 19.2568
6 22.1284
7 22.2973
8 17.9054
9 22.1284
10 18.2432
11 20.6081
12 18.75
13 15.2027
14 18.9189
15 17.9054
16 20.1014
17 19.7635
18 22.8041
19 20.9459
20 19.9324
21 19.5946
22 18.0743
23 17.3986
24 20.4392
25 22.8041
26 21.6216
27 22.973
28 18.0743
29 18.2432
30 20.1014
31 24.1554
32 20.2703
33 19.5946
34 20.1014
35 20.777
36 19.4257
37 22.1284
38 20.6081
39 19.2568
40 20.777
41 18.5811
42 18.2432
43 19.4257
44 17.3986
45 22.2973
46 19.4257
47 20.6081
48 24.3243
49 21.9595
50 18.0743
51 17.5676
52 18.4122
53 21.4527
54 19.4257
55 21.6216
56 20.9459
57 20.9459
58 19.5946
59 21.6216
60 21.2838
61 19.5946
62 19.9324
63 18.5811
64 18.5811
65 22.973
66 19.0878
67 19.2568
68 20.9459
69 21.6216
70 20.9459
71 19.9324
72 20.1014
73 19.9324
74 20.6081
75 20.1014
76 20.1014
77 20.1014
78 21.2838
79 19.9324
80 18.5811
81 22.4662
82 19.2568
83 20.6081
84 19.5946
85 21.7905
86 18.5811
87 20.2703
88 21.2838
89 23.8176
90 20.2703
91 21.6216
92 20.6081
93 19.2568
94 22.8041
95 19.9324
96 21.4527
97 25
98 21.4527
99 23.4797
100 16.8919
101 19.7635
102 20.1014
103 20.9459
104 20.9459
105 19.5946
106 20.4392
107 21.4527
108 19.5946
109 18.0743
110 20.6081
111 18.4122
112 17.7365
113 19.2568
114 21.1149
115 19.5946
116 17.3986
117 20.1014
118 18.2432
119 20.9459
120 20.9459
121 22.6351
122 22.1284
123 21.4527
124 18.0743
125 19.7635
126 19.9324
127 18.4122
128 17.7365
129 19.9324
130 21.7905
131 18.4122
132 20.777
133 18.9189
134 21.4527
135 18.75
136 19.0878
137 20.1014
138 15.3716
139 18.4122
140 21.2838
141 18.5811
142 20.1014
143 17.7365
144 21.6216
145 22.8041
146 18.0743
147 18.9189
148 18.5811
149 22.4662
150 22.973
151 19.4257
152 21.2838
153 21.9595
154 22.1284
155 22.6351
156 20.777
157 21.9595
158 23.8176
159 20.777
160 23.6486
161 21.4527
162 19.4257
163 20.777
164 20.777
165 18.75
166 22.8041
167 23.4797
168 20.2703
169 19.4257
170 20.9459
171 22.2973
172 20.2703
173 19.0878
174 22.4662
175 23.3108
176 21.6216
177 20.9459
178 16.2162
179 19.9324
180 19.9324
181 21.6216
182 20.6081
183 20.777
184 20.4392
185 21.6216
186 22.2973
187 20.6081
188 20.777
189 21.7905
190 20.777
191 20.4392
192 20.9459
193 22.1284
194 21.4527
195 21.9595
196 22.2973
197 18.4122
198 20.777
199 22.1284
200 23.8176
201 22.8041
202 23.1419
203 21.7905
204 22.973
205 19.0878
206 21.7905
207 18.5811
208 20.2703
209 21.6216
210 18.5811
211 20.6081
212 20.2703
213 21.4527
214 19.5946
215 19.4257
216 19.2568
217 20.777
218 18.5811
219 18.5811
220 18.5811
221 18.4122
222 17.7365
223 20.6081
224 20.1014
225 19.7635
226 22.2973
227 20.6081
228 21.6216
229 18.4122
230 21.4527
231 20.1014
232 20.6081
233 20.9459
234 20.9459
235 20.777
236 22.6351
237 22.6351
238 20.6081
239 21.7905
240 16.8919
241 20.9459
242 19.0878
243 20.6081
244 23.6486
245 22.8041
246 20.4392
247 19.9324
248 21.4527
249 18.75
250 22.2973
251 21.2838
252 19.9324
253 18.4122
254 16.2162
255 18.9189
256 19.4257
257 22.6351
258 20.6081
259 22.6351
260 22.2973
261 21.4527
262 22.8041
263 17.3986
264 23.9865
265 19.0878
266 20.9459
267 21.6216
268 19.9324
269 19.5946
270 22.973
271 23.9865
272 21.9595
273 23.8176
274 20.1014
275 19.9324
276 17.7365
277 21.7905
278 23.9865
279 20.2703
280 19.5946
281 19.9324
282 18.5811
283 19.7635
284 21.2838
285 21.1149
286 18.4122
287 23.9865
288 20.6081
289 21.2838
290 20.2703
291 23.1419
292 20.6081
293 21.4527
294 21.7905
295 20.9459
296 19.5946
297 19.5946
298 19.7635
299 22.2973
300 22.973
301 19.9324
302 20.4392
303 23.1419
304 20.1014
305 21.2838
306 19.2568
307 19.0878
308 20.9459
309 21.2838
310 20.9459
311 22.6351
312 15.3716
313 21.2838
314 19.5946
315 18.0743
316 19.9324
317 21.2838
318 19.5946
319 19.2568
320 21.2838
321 21.2838
322 19.4257
323 20.2703
324 19.0878
325 22.4662
326 22.2973
327 19.4257
328 17.3986
329 18.9189
330 17.9054
331 22.1284
332 22.6351
333 19.7635
334 18.9189
335 19.9324
336 18.2432
337 19.5946
338 22.8041
339 18.5811
340 19.4257
341 18.0743
342 18.5811
343 19.4257
344 17.9054
345 23.6486
346 19.2568
347 18.75
348 17.9054
349 20.9459
350 19.7635
351 19.4257
352 23.9865
353 20.4392
354 19.5946
355 18.75
356 21.7905
357 21.7905
358 20.777
359 18.75
360 19.2568
361 20.777
362 21.2838
363 20.9459
364 22.8041
365 18.5811
366 20.1014
367 23.3108
368 21.6216
369 17.5676
370 22.1284
371 23.6486
372 21.7905
373 22.973
374 22.973
375 20.2703
376 19.9324
377 21.2838
378 21.2838
379 19.4257
380 17.7365
381 21.2838
382 22.1284
383 21.1149
384 18.4122
385 19.0878
386 20.9459
387 22.8041
388 21.1149
389 20.6081
390 18.4122
391 20.4392
392 16.5541
393 17.3986
394 18.9189
395 20.6081
396 18.2432
397 20.6081
398 21.4527
399 18.9189
400 20.1014
401 19.2568
402 20.6081
403 19.9324
404 25
405 18.5811
406 20.6081
407 22.1284
408 19.0878
409 20.2703
410 19.0878
411 18.0743
412 20.4392
413 19.7635
414 20.4392
415 18.9189
416 20.9459
417 20.1014
418 23.1419
419 22.973
420 19.9324
421 21.1149
422 19.7635
423 23.4797
424 18.2432
425 20.6081
426 19.0878
427 20.1014
428 18.5811
429 22.973
430 20.9459
431 19.4257
432 18.75
433 20.2703
434 24.3243
435 24.4932
436 21.2838
437 22.2973
438 20.2703
439 19.0878
440 19.9324
441 20.1014
442 21.1149
443 18.9189
444 21.4527
445 17.7365
446 21.2838
447 19.9324
448 20.777
449 18.9189
450 18.4122
451 20.9459
452 22.4662
453 20.1014
454 18.5811
455 21.1149
456 21.2838
457 19.7635
458 19.9324
459 18.2432
460 22.973
461 23.4797
462 23.1419
463 21.9595
464 22.1284
465 22.1284
466 19.4257
467 19.2568
468 22.4662
469 20.4392
470 19.9324
471 17.7365
472 18.9189
473 24.6622
474 19.2568
475 20.1014
476 17.7365
477 19.9324
478 17.3986
479 18.5811
480 19.7635
481 19.7635
482 19.9324
483 18.75
484 21.6216
485 21.4527
486 22.6351
487 21.4527
488 19.4257
489 19.7635
490 19.7635
491 22.2973
492 22.1284
493 21.6216
494 21.4527
495 20.6081
496 22.4662
497 17.5676
498 21.7905
499 21.9595
500 20.1014
501 21.2838
502 21.1149
503 18.0743
504 21.6216
505 19.7635
506 18.0743
507 20.4392
508 19.9324
509 21.1149
510 21.4527
511 18.9189
512 20.2703
513 19.7635
514 20.6081
515 20.777
516 19.5946
517 18.5811
518 20.777
519 19.2568
520 18.9189
521 20.1014
522 21.6216
523 20.9459
524 16.2162
525 21.4527
526 18.5811
527 19.5946
528 19.5946
529 20.4392
530 19.5946
531 20.1014
532 22.6351
533 18.75
534 23.1419
535 20.9459
536 21.4527
537 21.2838
538 17.0608
539 19.4257
540 20.6081
541 18.4122
542 18.0743
543 19.7635
544 18.5811
545 19.9324
546 16.5541
547 21.4527
548 20.777
549 19.4257
550 21.2838
551 20.6081
552 20.9459
553 20.777
554 20.777
555 22.1284
556 19.7635
557 19.2568
558 18.75
559 16.3851
560 20.1014
561 19.0878
562 20.2703
563 15.5405
564 23.3108
565 20.6081
566 21.1149
567 18.0743
568 19.4257
569 20.2703
570 19.5946
571 18.9189
572 22.6351
573 20.2703
574 24.8311
575 17.5676
576 19.9324
577 21.6216
578 21.4527
579 20.9459
580 20.1014
581 18.4122
582 17.7365
583 19.5946
584 19.2568
585 18.2432
586 19.4257
587 20.6081
588 21.4527
589 20.777
590 20.777
591 20.1014
592 20.4392
593 20.1014
594 18.4122
595 21.7905
596 22.1284
597 20.2703
598 22.4662
599 20.777
600 18.5811
601 22.973
602 19.2568
603 20.6081
604 21.2838
605 20.777
606 21.7905
607 17.9054
608 19.9324
609 21.4527
610 25.6757
611 20.4392
612 21.1149
613 22.4662
614 20.1014
615 20.777
616 18.0743
617 18.5811
618 18.4122
619 20.777
620 20.2703
621 18.2432
622 17.2297
623 21.1149
624 22.4662
625 17.7365
626 22.973
627 20.2703
628 19.5946
629 19.2568
630 22.2973
631 19.4257
632 18.75
633 21.6216
634 18.75
635 19.4257
636 22.973
637 20.9459
638 16.5541
639 19.4257
640 19.7635
641 19.2568
642 19.0878
643 21.4527
644 18.2432
645 17.7365
646 20.2703
647 18.9189
648 21.9595
649 18.9189
650 17.3986
651 20.9459
652 19.5946
653 22.8041
654 19.0878
655 18.75
656 19.7635
657 23.6486
658 22.8041
659 20.1014
660 19.9324
661 21.1149
662 20.4392
663 17.9054
664 20.1014
665 20.9459
666 20.2703
667 19.5946
668 22.1284
669 18.2432
670 20.4392
671 19.0878
672 21.7905
673 19.7635
674 19.4257
675 19.9324
676 18.2432
677 19.2568
678 19.4257
679 18.0743
680 18.4122
681 19.2568
682 21.7905
683 19.5946
684 19.7635
685 18.5811
686 17.7365
687 20.9459
688 19.5946
689 21.1149
690 19.4257
691 18.75
692 20.6081
693 20.777
694 19.9324
695 20.9459
696 20.777
697 22.8041
698 21.6216
699 18.75
700 20.4392
701 18.4122
702 23.6486
703 21.9595
704 22.2973
705 22.2973
706 20.4392
707 20.2703
708 19.9324
709 20.2703
710 19.0878
711 20.6081
712 20.6081
713 22.2973
714 21.9595
715 19.7635
716 20.2703
717 19.2568
718 22.1284
719 21.7905
720 19.9324
721 18.5811
722 21.6216
723 18.9189
724 21.6216
725 23.4797
726 20.777
727 20.6081
728 19.2568
729 18.2432
730 20.2703
731 18.5811
732 19.9324
733 21.7905
734 22.4662
735 23.1419
736 23.9865
737 20.6081
738 19.2568
739 21.6216
740 20.6081
741 20.9459
742 21.1149
743 21.7905
744 19.4257
745 22.1284
746 20.1014
747 22.4662
748 20.2703
749 18.75
750 18.4122
751 18.9189
752 17.3986
753 15.7095
754 20.2703
755 19.0878
756 21.1149
757 19.0878
758 20.6081
759 20.2703
760 19.2568
761 22.2973
762 17.3986
763 18.75
764 17.5676
765 22.8041
766 23.3108
767 21.1149
768 20.2703
769 21.4527
770 18.9189
771 20.6081
772 18.9189
773 19.2568
774 20.4392
775 20.9459
776 18.5811
777 19.7635
778 20.777
779 19.5946
780 20.4392
781 22.973
782 23.3108
783 19.5946
784 19.2568
785 21.7905
786 18.0743
787 17.5676
788 19.7635
789 20.2703
790 21.1149
791 21.1149
792 18.9189
793 19.5946
794 19.4257
795 22.973
796 20.2703
797 19.5946
798 16.723
799 20.9459
800 22.8041
801 20.1014
802 23.1419
803 19.4257
804 18.0743
805 22.6351
806 20.777
807 17.9054
808 17.7365
809 22.6351
810 21.6216
811 16.8919
812 20.777
813 18.0743
814 20.6081
815 23.6486
816 17.0608
817 19.5946
818 19.4257
819 18.9189
820 18.9189
821 19.2568
822 22.4662
823 23.4797
824 20.9459
825 21.4527
826 20.777
827 19.9324
828 20.4392
829 20.6081
830 20.4392
831 21.7905
832 24.3243
833 18.75
834 19.5946
835 20.2703
836 21.9595
837 19.5946
838 20.4392
839 21.4527
840 21.4527
841 20.6081
842 18.75
843 20.4392
844 19.2568
845 20.9459
846 22.4662
847 19.5946
848 22.2973
849 19.0878
850 20.2703
851 16.8919
852 17.7365
853 18.4122
854 19.7635
855 16.8919
856 21.1149
857 23.6486
858 21.6216
859 19.4257
860 19.4257
861 17.3986
862 17.2297
863 21.1149
864 18.2432
865 17.9054
866 18.0743
867 24.8311
868 18.75
869 22.8041
870 18.75
871 21.4527
872 21.7905
873 20.2703
874 20.1014
875 19.2568
876 19.0878
877 21.2838
878 20.6081
879 22.2973
880 19.9324
881 19.9324
882 18.4122
883 19.2568
884 19.7635
885 20.2703
886 18.9189
887 18.75
888 17.5676
889 22.4662
890 21.6216
891 18.5811
892 20.9459
893 22.1284
894 18.75
895 21.6216
896 19.7635
897 21.7905
898 21.1149
899 19.2568
900 21.4527
901 22.973
902 23.4797
903 20.9459
904 20.4392
905 22.2973
906 19.4257
907 17.2297
908 19.5946
909 19.4257
910 20.2703
911 22.6351
912 18.5811
913 22.1284
914 22.2973
915 24.4932
916 20.6081
917 21.9595
918 20.2703
919 18.4122
920 19.4257
921 19.0878
922 19.4257
923 20.777
924 22.2973
925 21.2838
926 17.9054
927 18.2432
928 21.7905
929 18.0743
930 23.6486
931 17.2297
932 21.1149
933 15.8784
934 19.9324
935 26.0135
936 17.2297
937 22.1284
938 19.5946
939 22.973
940 20.6081
941 20.6081
942 19.5946
943 19.5946
944 19.7635
945 21.2838
946 19.5946
947 20.777
948 19.0878
949 21.7905
950 19.9324
951 21.2838
952 19.5946
953 17.7365
954 20.1014
955 20.777
956 20.2703
957 21.9595
958 20.1014
959 18.9189
960 19.2568
961 20.777
962 21.6216
963 20.6081
964 19.0878
965 21.2838
966 21.6216
967 20.777
968 18.0743
969 20.9459
970 23.4797
971 19.2568
972 17.3986
973 20.9459
974 20.6081
975 22.6351
976 23.6486
977 18.0743
978 21.1149
979 18.0743
980 22.973
981 21.9595
982 21.9595
983 19.5946
984 20.9459
985 20.777
986 19.9324
987 19.0878
988 21.9595
989 24.1554
990 19.7635
991 21.4527
992 23.3108
993 19.0878
994 22.973
995 20.2703
996 23.9865
997 22.4662
998 20.9459
999 19.7635
1000 19.4257
1001 21.7905
1002 18.2432
1003 19.9324
1004 21.6216
1005 19.4257
1006 20.2703
1007 21.2838
1008 21.7905
1009 21.6216
1010 22.2973
1011 22.2973
1012 22.2973
1013 23.4797
1014 21.6216
1015 18.75
1016 21.2838
1017 21.2838
1018 18.0743
1019 19.9324
1020 18.0743
1021 19.0878
1022 20.1014
1023 17.7365
1024 17.5676
1025 18.5811
1026 24.1554
1027 20.2703
1028 22.2973
1029 21.6216
1030 22.8041
1031 20.777
1032 21.1149
1033 18.75
1034 23.3108
1035 19.7635
1036 20.2703
1037 20.6081
1038 20.2703
1039 21.7905
1040 21.2838
1041 21.9595
1042 17.9054
1043 21.6216
1044 20.4392
1045 21.7905
1046 24.4932
1047 18.75
1048 22.2973
1049 18.4122
1050 20.2703
1051 21.7905
1052 20.1014
1053 22.8041
1054 19.0878
1055 19.2568
1056 19.9324
1057 22.973
1058 23.8176
1059 23.3108
1060 19.5946
1061 22.973
1062 21.7905
1063 18.9189
1064 21.9595
1065 19.9324
1066 15.8784
1067 19.9324
1068 18.5811
1069 18.4122
1070 21.7905
1071 17.3986
1072 19.4257
1073 20.1014
1074 20.1014
1075 20.777
1076 21.2838
1077 19.9324
1078 21.6216
1079 22.8041
1080 19.4257
1081 22.8041
1082 22.1284
1083 21.6216
1084 17.9054
1085 19.9324
1086 21.4527
1087 22.1284
1088 24.4932
1089 20.4392
1090 20.777
1091 20.777
1092 21.1149
1093 22.2973
1094 19.2568
1095 20.2703
1096 19.4257
1097 18.9189
1098 19.5946
1099 20.1014
1100 24.4932
1101 25
1102 21.2838
1103 19.0878
1104 20.6081
1105 20.1014
1106 19.0878
1107 19.2568
1108 20.777
1109 17.7365
1110 22.6351
1111 17.3986
1112 19.9324
1113 17.7365
1114 20.4392
1115 21.4527
1116 20.1014
1117 20.777
1118 18.75
1119 20.777
1120 19.5946
1121 18.75
1122 20.9459
1123 22.8041
1124 22.4662
1125 19.2568
1126 20.4392
1127 18.0743
1128 19.0878
1129 18.9189
1130 18.5811
1131 19.0878
1132 21.6216
1133 21.1149
1134 21.9595
1135 22.2973
1136 18.2432
1137 23.8176
1138 20.2703
1139 21.7905
1140 21.6216
1141 22.4662
1142 17.9054
1143 20.1014
1144 20.4392
1145 21.2838
1146 21.1149
1147 19.5946
1148 21.7905
1149 19.7635
1150 17.3986
1151 20.9459
1152 21.4527
1153 22.2973
1154 18.5811
1155 20.6081
1156 21.7905
1157 20.777
1158 20.6081
1159 21.1149
1160 22.6351
1161 19.2568
1162 22.973
1163 21.1149
1164 22.6351
1165 20.1014
1166 18.9189
1167 22.1284
1168 18.9189
1169 20.2703
1170 18.5811
1171 20.777
1172 19.5946
1173 20.4392
1174 21.9595
1175 20.777
1176 18.75
1177 25.5068
1178 19.2568
1179 22.2973
1180 21.1149
1181 18.9189
1182 21.6216
1183 18.9189
1184 17.9054
1185 18.0743
1186 20.6081
1187 20.1014
1188 20.9459
1189 21.4527
1190 19.5946
1191 19.4257
1192 17.2297
1193 23.3108
1194 19.7635
1195 18.9189
1196 23.1419
1197 23.8176
1198 22.6351
1199 20.9459
1200 18.4122
1201 19.4257
1202 20.1014
1203 22.973
1204 19.4257
1205 18.75
1206 21.1149
1207 22.4662
1208 22.2973
1209 22.6351
1210 23.6486
1211 23.6486
1212 18.2432
1213 17.2297
1214 19.0878
1215 21.6216
1216 21.4527
1217 20.6081
1218 21.7905
1219 20.777
1220 19.0878
1221 21.2838
1222 19.5946
1223 21.2838
1224 22.8041
1225 19.4257
1226 20.777
1227 19.5946
1228 20.4392
1229 22.6351
1230 16.3851
1231 21.1149
1232 21.1149
1233 19.9324
1234 18.4122
1235 18.5811
1236 19.5946
1237 20.6081
1238 20.4392
1239 21.9595
1240 21.9595
1241 20.1014
1242 19.7635
1243 19.5946
1244 21.6216
1245 18.0743
1246 19.0878
1247 19.4257
1248 18.75
1249 21.1149
1250 18.0743
1251 20.1014
1252 17.2297
1253 19.2568
1254 21.2838
1255 20.4392
1256 20.2703
1257 21.9595
1258 18.9189
1259 17.0608
1260 21.6216
1261 23.8176
1262 19.5946
1263 19.7635
1264 18.75
1265 20.4392
1266 19.7635
1267 19.0878
1268 18.2432
1269 21.4527
1270 24.1554
1271 21.9595
1272 21.6216
1273 21.7905
1274 22.6351
1275 19.0878
1276 16.3851
1277 18.9189
1278 21.4527
1279 18.2432
1280 20.4392
1281 18.75
1282 18.75
1283 21.7905
1284 21.2838
1285 17.9054
1286 21.6216
1287 21.1149
1288 23.1419
1289 19.2568
1290 21.9595
1291 20.4392
1292 19.9324
1293 19.4257
1294 21.2838
1295 21.7905
1296 19.7635
1297 20.9459
1298 19.7635
1299 21.1149
1300 22.1284
1301 21.4527
1302 20.6081
1303 21.2838
1304 20.2703
1305 20.4392
1306 20.6081
1307 21.7905
1308 18.4122
1309 21.9595
1310 22.2973
1311 21.1149
1312 19.7635
1313 20.777
1314 22.6351
1315 21.2838
1316 21.1149
1317 23.9865
1318 21.2838
1319 18.9189
1320 24.1554
1321 21.7905
1322 23.3108
1323 20.6081
1324 22.8041
1325 20.4392
1326 21.4527
1327 20.1014
1328 17.9054
1329 18.4122
1330 18.75
1331 21.7905
1332 22.1284
1333 20.4392
1334 21.4527
1335 19.0878
1336 19.7635
1337 21.2838
1338 21.2838
1339 19.9324
1340 18.4122
1341 19.7635
1342 22.2973
1343 18.9189
1344 19.2568
1345 20.9459
1346 21.7905
1347 19.4257
1348 20.6081
1349 17.3986
1350 21.2838
1351 20.6081
1352 17.2297
1353 17.9054
1354 18.5811
1355 18.9189
1356 18.75
1357 18.4122
1358 20.9459
1359 20.1014
1360 21.2838
1361 24.4932
1362 21.1149
1363 19.2568
1364 18.9189
1365 20.4392
1366 17.2297
1367 21.6216
1368 20.6081
1369 21.1149
1370 20.6081
1371 23.4797
1372 19.9324
1373 18.4122
1374 22.8041
1375 22.6351
1376 18.9189
1377 21.2838
1378 22.8041
1379 21.1149
1380 26.0135
1381 22.4662
1382 21.6216
1383 21.6216
1384 22.6351
1385 19.2568
1386 21.9595
1387 23.4797
1388 18.75
1389 23.6486
1390 20.2703
1391 19.0878
1392 21.4527
1393 20.6081
1394 19.2568
1395 21.9595
1396 22.4662
1397 21.7905
1398 19.7635
1399 19.7635
1400 18.9189
1401 16.8919
1402 22.2973
1403 23.4797
1404 20.2703
1405 21.4527
1406 19.5946
1407 18.5811
1408 22.8041
1409 22.1284
1410 21.9595
1411 17.3986
1412 19.2568
1413 20.4392
1414 21.2838
1415 19.0878
1416 22.973
1417 21.2838
1418 20.2703
1419 22.6351
1420 20.2703
1421 20.777
1422 20.777
1423 22.973
1424 18.2432
1425 23.4797
1426 19.9324
1427 23.3108
1428 20.1014
1429 23.1419
1430 21.2838
1431 20.6081
1432 19.0878
1433 20.1014
1434 19.9324
1435 23.4797
1436 20.6081
1437 19.2568
1438 20.9459
1439 18.4122
1440 20.777
1441 20.9459
1442 22.1284
1443 19.2568
1444 19.0878
1445 20.1014
1446 23.1419
1447 19.7635
1448 23.1419
1449 25
1450 22.2973
1451 18.9189
1452 19.2568
1453 19.5946
1454 23.1419
1455 19.5946
1456 19.5946
1457 20.1014
1458 21.6216
1459 21.2838
1460 18.2432
1461 19.4257
1462 21.9595
1463 20.6081
1464 19.2568
1465 20.1014
1466 20.777
1467 23.6486
1468 21.4527
1469 19.2568
1470 20.6081
1471 20.2703
1472 21.2838
1473 20.6081
1474 18.2432
1475 20.4392
1476 18.4122
1477 19.7635
1478 19.5946
1479 22.1284
1480 19.7635
1481 23.3108
1482 18.5811
1483 20.4392
1484 23.8176
1485 21.1149
1486 20.6081
1487 20.6081
1488 22.4662
1489 19.0878
1490 20.777
1491 20.6081
1492 19.4257
1493 19.0878
1494 18.9189
1495 21.7905
1496 19.5946
1497 18.4122
1498 19.4257
1499 18.5811
1500 18.2432
1501 20.2703
1502 21.2838
1503 16.3851
1504 20.777
1505 22.8041
1506 20.777
1507 20.6081
1508 19.4257
1509 19.2568
1510 20.4392
1511 23.6486
1512 20.777
1513 19.5946
1514 24.1554
1515 23.1419
1516 20.2703
1517 20.6081
1518 20.9459
1519 20.2703
1520 22.2973
1521 18.2432
1522 21.2838
1523 18.5811
1524 19.2568
1525 20.6081
1526 19.7635
1527 19.2568
1528 18.9189
1529 22.1284
1530 18.0743
1531 22.1284
1532 20.9459
1533 23.8176
1534 21.9595
1535 20.2703
1536 19.7635
1537 20.2703
1538 19.2568
1539 20.2703
1540 20.2703
1541 19.7635
1542 22.973
1543 19.4257
1544 13.6824
1545 19.7635
1546 19.2568
1547 19.7635
1548 19.9324
1549 19.9324
1550 22.1284
1551 21.6216
1552 21.4527
1553 20.2703
1554 18.5811
1555 20.6081
1556 20.1014
1557 20.777
1558 20.6081
1559 18.2432
1560 19.5946
1561 22.1284
1562 19.0878
1563 15.7095
1564 20.1014
1565 21.7905
1566 24.3243
1567 24.3243
1568 21.4527
1569 17.7365
1570 20.6081
1571 20.9459
1572 19.7635
1573 20.9459
1574 20.2703
1575 21.4527
1576 19.9324
1577 18.4122
1578 19.7635
1579 20.2703
1580 21.1149
1581 19.7635
1582 19.5946
1583 18.4122
1584 22.1284
1585 20.1014
1586 22.4662
1587 22.1284
1588 20.9459
1589 20.777
1590 22.8041
1591 21.6216
1592 22.6351
1593 19.9324
1594 19.4257
1595 23.1419
1596 23.4797
1597 18.5811
1598 20.777
1599 21.4527
1600 19.0878
1601 20.4392
1602 20.777
1603 18.5811
1604 18.75
1605 18.9189
1606 17.7365
1607 20.9459
1608 20.777
1609 22.4662
1610 21.9595
1611 21.6216
1612 20.777
1613 22.973
1614 23.3108
1615 22.4662
1616 21.6216
1617 22.2973
1618 20.1014
1619 22.8041
1620 18.75
1621 20.777
1622 18.5811
1623 20.9459
1624 19.7635
1625 21.7905
1626 23.8176
1627 20.4392
1628 20.2703
1629 21.4527
1630 21.7905
1631 20.1014
1632 18.0743
1633 18.5811
1634 20.4392
1635 19.0878
1636 21.1149
1637 21.1149
1638 20.4392
1639 22.4662
1640 22.6351
1641 22.1284
1642 21.6216
1643 21.2838
1644 20.2703
1645 20.777
1646 22.1284
1647 20.777
1648 24.3243
1649 21.2838
1650 23.1419
1651 22.4662
1652 19.9324
1653 21.9595
1654 23.8176
1655 22.2973
1656 19.9324
1657 21.6216
1658 20.9459
1659 19.9324
1660 21.9595
1661 19.2568
1662 20.9459
1663 20.4392
1664 19.9324
1665 18.5811
1666 20.777
1667 19.2568
1668 19.7635
1669 22.6351
1670 20.6081
1671 21.6216
1672 17.7365
1673 16.5541
1674 19.0878
1675 18.5811
1676 19.7635
1677 21.7905
1678 19.9324
1679 19.7635
1680 20.777
1681 19.7635
1682 19.0878
1683 20.4392
1684 20.9459
1685 20.777
1686 19.7635
1687 21.2838
1688 20.6081
1689 19.5946
1690 18.5811
1691 17.9054
1692 21.2838
1693 19.5946
1694 21.1149
1695 22.2973
1696 19.4257
1697 17.3986
1698 16.5541
1699 20.777
1700 21.1149
1701 19.9324
1702 19.0878
1703 20.1014
1704 20.6081
1705 21.1149
1706 19.0878
1707 18.75
1708 19.9324
1709 20.4392
1710 20.777
1711 24.8311
1712 22.1284
1713 21.2838
1714 22.4662
1715 21.7905
1716 19.9324
1717 20.6081
1718 19.5946
1719 20.9459
1720 20.6081
1721 19.7635
1722 22.973
1723 19.9324
1724 18.5811
1725 18.9189
1726 18.75
1727 16.8919
1728 18.75
1729 21.1149
1730 21.7905
1731 20.1014
1732 20.4392
1733 19.7635
1734 23.3108
1735 20.1014
1736 20.9459
1737 17.5676
1738 23.4797
1739 22.1284
1740 16.8919
1741 21.4527
1742 21.2838
1743 23.1419
1744 18.75
1745 18.9189
1746 21.6216
1747 20.1014
1748 22.6351
1749 20.1014
1750 17.9054
1751 18.75
1752 19.0878
1753 19.7635
1754 18.75
1755 23.6486
1756 22.1284
1757 21.4527
1758 20.6081
1759 19.5946
1760 19.2568
1761 19.9324
1762 21.4527
1763 20.1014
1764 20.2703
1765 20.1014
1766 20.9459
1767 19.4257
1768 21.9595
1769 21.6216
1770 19.4257
1771 21.6216
1772 20.1014
1773 21.1149
1774 19.5946
1775 21.4527
1776 19.2568
1777 22.4662
1778 22.1284
1779 22.1284
1780 19.9324
1781 19.5946
1782 21.9595
1783 22.4662
1784 20.6081
1785 21.1149
1786 22.973
1787 22.2973
1788 19.9324
1789 20.2703
1790 22.2973
1791 18.0743
1792 20.2703
1793 22.2973
1794 20.9459
1795 19.0878
1796 18.2432
1797 20.777
1798 18.75
1799 21.2838
1800 18.9189
1801 19.2568
1802 22.8041
1803 20.6081
1804 17.9054
1805 19.4257
1806 19.4257
1807 22.2973
1808 19.0878
1809 19.7635
1810 19.0878
1811 20.2703
1812 20.4392
1813 20.4392
1814 21.9595
1815 17.9054
1816 24.1554
1817 19.5946
1818 20.6081
1819 20.1014
1820 20.4392
1821 18.75
1822 19.5946
1823 19.9324
1824 22.2973
1825 19.2568
1826 21.7905
1827 21.1149
1828 20.9459
1829 19.4257
1830 20.1014
1831 22.973
1832 20.6081
1833 19.5946
1834 18.4122
1835 14.6959
1836 21.1149
1837 18.9189
1838 20.4392
1839 23.1419
1840 22.2973
1841 22.1284
1842 18.4122
1843 19.9324
1844 18.9189
1845 21.2838
1846 17.9054
1847 22.2973
1848 21.4527
1849 20.6081
1850 17.3986
1851 21.2838
1852 19.5946
1853 17.5676
1854 19.7635
1855 19.9324
1856 20.1014
1857 19.0878
1858 20.2703
1859 21.4527
1860 20.2703
1861 20.9459
1862 19.9324
1863 22.1284
1864 19.5946
1865 18.9189
1866 20.1014
1867 21.2838
1868 21.6216
1869 21.4527
1870 21.1149
1871 20.4392
1872 20.2703
1873 19.7635
1874 22.6351
1875 22.8041
1876 18.4122
1877 20.9459
1878 21.6216
1879 18.9189
1880 21.1149
1881 22.8041
1882 19.4257
1883 21.4527
1884 18.9189
1885 22.8041
1886 21.2838
1887 23.6486
1888 22.4662
1889 20.6081
1890 21.2838
1891 19.7635
1892 20.4392
1893 23.9865
1894 19.7635
1895 18.0743
1896 20.2703
1897 12.6689
1898 18.9189
1899 19.7635
1900 21.2838
1901 18.75
1902 20.4392
1903 16.723
1904 16.8919
1905 17.2297
1906 21.4527
1907 24.6622
1908 16.723
1909 18.9189
1910 19.0878
1911 19.0878
1912 21.1149
1913 19.7635
1914 20.4392
1915 22.973
1916 21.1149
1917 20.9459
1918 23.1419
1919 20.1014
1920 19.5946
1921 17.7365
1922 19.0878
1923 18.5811
1924 19.2568
1925 21.2838
1926 19.4257
1927 20.1014
1928 18.4122
1929 18.9189
1930 19.7635
1931 20.6081
1932 20.4392
1933 19.4257
1934 20.6081
1935 21.2838
1936 21.6216
1937 22.6351
1938 20.1014
1939 23.6486
1940 19.5946
1941 20.777
1942 19.4257
1943 19.5946
1944 20.777
1945 20.777
1946 23.6486
1947 23.1419
1948 18.75
1949 18.9189
1950 19.4257
1951 18.0743
1952 18.2432
1953 22.4662
1954 20.1014
1955 21.2838
1956 20.4392
1957 18.5811
1958 18.4122
1959 17.7365
1960 22.2973
1961 20.777
1962 18.2432
1963 21.4527
1964 20.1014
1965 18.4122
1966 20.4392
1967 21.4527
1968 22.2973
1969 22.1284
1970 20.777
1971 21.6216
1972 20.1014
1973 21.1149
1974 19.5946
1975 20.1014
1976 21.6216
1977 20.1014
1978 19.9324
1979 19.5946
1980 17.7365
1981 20.777
1982 19.7635
1983 20.6081
1984 21.1149
1985 21.7905
1986 21.2838
1987 17.7365
1988 21.4527
1989 19.5946
1990 20.6081
1991 20.2703
1992 20.6081
1993 20.777
1994 20.9459
1995 20.9459
1996 18.5811
1997 22.2973
1998 19.2568
1999 22.1284
2000 20.1014
2001 22.2973
2002 19.5946
2003 21.6216
2004 21.4527
2005 21.2838
2006 20.777
2007 19.4257
2008 16.8919
2009 21.9595
2010 22.1284
2011 19.9324
2012 20.6081
2013 25.6757
2014 22.1284
2015 19.0878
2016 21.7905
2017 20.6081
2018 18.4122
2019 17.2297
2020 19.4257
2021 20.2703
2022 18.75
2023 20.2703
2024 20.2703
2025 18.75
2026 19.5946
2027 20.9459
2028 19.2568
2029 22.1284
2030 18.75
2031 18.9189
2032 20.2703
2033 18.5811
2034 21.4527
2035 19.0878
2036 19.7635
2037 17.7365
2038 21.1149
2039 22.2973
2040 18.5811
2041 18.5811
2042 17.9054
2043 21.9595
2044 19.2568
2045 22.8041
2046 18.2432
2047 21.6216
2048 20.2703
2049 21.9595
2050 21.4527
2051 21.7905
2052 22.1284
2053 20.777
2054 21.2838
2055 18.4122
2056 20.6081
2057 18.9189
2058 20.6081
2059 21.9595
2060 18.0743
2061 18.75
2062 21.9595
2063 16.3851
2064 18.9189
2065 22.2973
2066 19.9324
2067 18.5811
2068 20.2703
2069 23.8176
2070 24.3243
2071 20.9459
2072 18.2432
2073 17.7365
2074 22.6351
2075 19.4257
2076 18.9189
2077 19.0878
2078 21.1149
2079 19.4257
2080 17.3986
2081 22.1284
2082 20.2703
2083 18.5811
2084 20.9459
2085 21.9595
2086 18.9189
2087 18.9189
2088 20.777
2089 20.1014
2090 20.9459
2091 22.4662
2092 18.2432
2093 20.6081
2094 22.6351
2095 19.4257
2096 21.2838
2097 18.9189
2098 17.3986
2099 20.1014
2100 18.75
2101 21.4527
2102 21.7905
2103 20.777
2104 19.4257
2105 19.2568
2106 20.9459
2107 18.5811
2108 18.5811
2109 22.8041
2110 17.2297
2111 18.75
2112 18.5811
2113 23.1419
2114 20.1014
2115 20.6081
2116 24.4932
2117 19.4257
2118 20.4392
2119 22.8041
2120 20.1014
2121 19.7635
2122 17.9054
2123 22.4662
2124 19.0878
2125 21.1149
2126 21.4527
2127 18.5811
2128 21.4527
2129 22.1284
2130 21.2838
2131 17.9054
2132 22.4662
2133 18.5811
2134 18.4122
2135 18.0743
2136 21.2838
2137 23.9865
2138 20.2703
2139 21.1149
2140 18.4122
2141 21.2838
2142 19.4257
2143 20.9459
2144 22.8041
2145 22.973
2146 19.0878
2147 20.9459
2148 18.75
2149 20.9459
2150 20.2703
2151 22.1284
2152 20.4392
2153 19.0878
2154 21.1149
2155 19.0878
2156 21.2838
2157 17.7365
2158 20.2703
2159 21.4527
2160 21.7905
2161 20.777
2162 20.9459
2163 20.2703
2164 22.2973
2165 17.5676
2166 18.2432
2167 20.1014
2168 21.9595
2169 20.9459
2170 19.2568
2171 20.1014
2172 16.0473
2173 18.0743
2174 19.0878
2175 20.9459
2176 19.2568
2177 22.2973
2178 20.2703
2179 20.4392
2180 20.2703
2181 18.9189
2182 25.1689
2183 19.4257
2184 21.4527
2185 21.1149
2186 22.2973
2187 18.5811
2188 20.2703
2189 19.0878
2190 15.7095
2191 20.2703
2192 19.9324
2193 18.75
2194 18.75
2195 21.4527
2196 21.7905
2197 22.973
2198 21.9595
2199 18.0743
2200 20.1014
2201 19.5946
2202 17.2297
2203 21.9595
2204 19.7635
2205 19.2568
2206 18.2432
2207 18.75
2208 19.0878
2209 19.0878
2210 22.4662
2211 20.6081
2212 19.5946
2213 22.4662
2214 16.3851
2215 18.2432
2216 21.4527
2217 20.6081
2218 22.2973
2219 18.0743
2220 22.973
2221 21.2838
2222 18.4122
2223 18.2432
2224 20.9459
2225 20.9459
2226 21.4527
2227 19.4257
2228 22.2973
2229 21.9595
2230 17.2297
2231 22.1284
2232 22.8041
2233 18.0743
2234 20.1014
2235 22.973
2236 21.1149
2237 22.1284
2238 18.5811
2239 17.9054
2240 19.2568
2241 19.7635
2242 20.1014
2243 22.2973
2244 20.1014
2245 18.75
2246 18.5811
2247 17.5676
2248 19.9324
2249 21.4527
2250 19.7635
2251 21.7905
2252 20.2703
2253 19.4257
2254 22.1284
2255 19.9324
2256 18.9189
2257 20.4392
2258 20.9459
2259 23.1419
2260 19.7635
2261 18.5811
2262 20.1014
2263 21.9595
2264 21.7905
2265 20.1014
2266 21.4527
2267 19.9324
2268 20.4392
2269 17.5676
2270 21.2838
2271 18.75
2272 19.2568
2273 18.75
2274 21.7905
2275 19.0878
2276 19.2568
2277 20.9459
2278 20.777
2279 22.8041
2280 22.6351
2281 18.9189
2282 18.2432
2283 19.0878
2284 18.9189
2285 20.2703
2286 19.9324
2287 19.0878
2288 20.777
2289 21.6216
2290 20.2703
2291 22.973
2292 20.2703
2293 19.2568
2294 20.6081
2295 16.2162
2296 18.9189
2297 17.3986
2298 20.2703
2299 21.9595
2300 22.1284
2301 19.7635
2302 19.4257
2303 19.5946
2304 21.6216
2305 21.1149
2306 21.6216
2307 21.6216
2308 21.1149
2309 20.6081
2310 19.7635
2311 20.1014
2312 22.6351
2313 19.5946
2314 21.4527
2315 20.777
2316 20.9459
2317 18.0743
2318 18.75
2319 18.4122
2320 16.8919
2321 22.2973
2322 20.2703
2323 19.4257
2324 20.2703
2325 19.9324
2326 20.6081
2327 19.4257
2328 19.2568
2329 21.1149
2330 21.4527
2331 18.5811
2332 18.5811
2333 20.2703
2334 20.9459
2335 19.9324
2336 18.5811
2337 22.1284
2338 21.4527
2339 17.7365
2340 22.6351
2341 20.6081
2342 20.9459
2343 18.4122
2344 18.5811
2345 21.6216
2346 19.0878
2347 24.3243
2348 23.1419
2349 21.6216
2350 22.2973
2351 17.3986
2352 20.9459
2353 17.9054
2354 19.7635
2355 20.2703
2356 21.6216
2357 18.4122
2358 20.777
2359 20.2703
2360 20.4392
2361 18.2432
2362 19.2568
2363 20.9459
2364 21.2838
2365 19.0878
2366 18.0743
2367 19.5946
2368 20.6081
2369 22.8041
2370 18.75
2371 20.777
2372 17.7365
2373 20.4392
2374 18.0743
2375 20.9459
2376 21.1149
2377 18.4122
2378 18.5811
2379 19.0878
2380 22.6351
2381 21.1149
2382 20.2703
2383 19.4257
2384 21.1149
2385 23.4797
2386 19.2568
2387 19.9324
2388 18.2432
2389 18.4122
2390 20.777
2391 21.1149
2392 19.0878
2393 19.5946
2394 20.1014
2395 21.4527
2396 19.7635
2397 18.9189
2398 20.2703
2399 19.9324
2400 23.1419
2401 20.1014
2402 18.4122
2403 20.6081
2404 17.2297
2405 21.1149
2406 22.4662
2407 21.6216
2408 17.3986
2409 21.4527
2410 17.9054
2411 18.4122
2412 17.5676
2413 21.9595
2414 24.1554
2415 22.973
2416 21.4527
2417 20.1014
2418 24.6622
2419 22.8041
2420 22.6351
2421 20.2703
2422 21.2838
2423 20.1014
2424 20.6081
2425 21.4527
2426 19.7635
2427 17.2297
2428 22.6351
2429 20.777
2430 19.9324
2431 20.1014
2432 20.9459
2433 19.0878
2434 20.1014
2435 18.9189
2436 19.4257
2437 20.6081
2438 20.2703
2439 19.9324
2440 18.2432
2441 20.4392
2442 19.2568
2443 19.7635
2444 18.2432
2445 18.9189
2446 19.4257
2447 22.4662
2448 17.7365
2449 20.6081
2450 21.2838
2451 19.0878
2452 18.5811
2453 19.5946
2454 20.777
2455 23.1419
2456 20.6081
2457 23.3108
2458 18.4122
2459 20.777
2460 19.7635
2461 21.4527
2462 20.1014
2463 20.1014
2464 22.1284
2465 17.2297
2466 20.4392
2467 20.4392
2468 20.4392
2469 22.1284
2470 22.4662
2471 20.9459
2472 19.2568
2473 19.9324
2474 22.4662
2475 19.4257
2476 19.0878
2477 19.4257
2478 20.2703
2479 18.75
2480 22.2973
2481 22.1284
2482 21.2838
2483 23.9865
2484 19.0878
2485 20.6081
2486 20.777
2487 20.2703
2488 21.7905
2489 20.2703
2490 22.1284
2491 18.2432
2492 18.2432
2493 21.1149
2494 20.6081
2495 20.2703
2496 19.7635
2497 19.7635
2498 18.5811
2499 19.0878
2500 24.6622
2501 19.5946
2502 21.2838
2503 20.777
2504 19.9324
2505 20.777
2506 23.4797
2507 20.4392
2508 20.6081
2509 19.5946
2510 20.6081
2511 21.4527
2512 18.2432
2513 20.1014
2514 20.4392
2515 19.2568
2516 17.9054
2517 21.7905
2518 18.2432
2519 20.777
2520 19.0878
2521 23.6486
2522 21.4527
2523 19.4257
2524 19.2568
2525 21.6216
2526 19.9324
2527 18.9189
2528 20.6081
2529 18.9189
2530 18.75
2531 16.0473
2532 21.9595
2533 17.2297
2534 18.5811
2535 20.9459
2536 21.6216
2537 19.7635
2538 18.0743
2539 19.7635
2540 22.8041
2541 21.2838
2542 22.2973
2543 22.1284
2544 18.2432
2545 18.4122
2546 21.6216
2547 19.7635
2548 19.0878
2549 23.4797
2550 20.9459
2551 18.9189
2552 22.4662
2553 22.1284
2554 22.8041
2555 19.2568
2556 18.2432
2557 23.8176
2558 20.1014
2559 23.1419
2560 20.9459
2561 17.7365
2562 19.4257
2563 18.4122
2564 19.4257
2565 20.777
2566 21.9595
2567 20.2703
2568 21.4527
2569 21.6216
2570 19.5946
2571 21.2838
2572 17.3986
2573 20.9459
2574 19.7635
2575 20.777
2576 25.5068
2577 20.1014
2578 17.7365
2579 18.75
2580 22.1284
2581 18.0743
2582 19.9324
2583 21.1149
2584 20.6081
2585 18.75
2586 18.0743
2587 17.2297
2588 20.777
2589 20.4392
2590 22.1284
2591 23.9865
2592 22.6351
2593 18.75
2594 24.1554
2595 19.4257
2596 22.1284
2597 21.1149
2598 19.0878
2599 19.0878
2600 18.0743
2601 16.8919
2602 19.0878
2603 19.5946
2604 20.4392
2605 18.75
2606 19.5946
2607 19.4257
2608 22.4662
2609 19.5946
2610 18.75
2611 17.5676
2612 21.2838
2613 18.2432
2614 17.0608
2615 20.4392
2616 19.0878
2617 19.5946
2618 23.9865
2619 22.4662
2620 21.9595
2621 19.9324
2622 20.2703
2623 20.2703
2624 19.9324
2625 19.0878
2626 20.2703
2627 21.2838
2628 18.9189
2629 21.2838
2630 19.5946
2631 19.5946
2632 21.1149
2633 20.777
2634 19.2568
2635 18.9189
2636 18.2432
2637 19.5946
2638 22.2973
2639 22.1284
2640 19.4257
2641 19.2568
2642 19.5946
2643 19.4257
2644 19.9324
2645 20.9459
2646 19.5946
2647 19.0878
2648 20.777
2649 19.2568
2650 22.6351
2651 21.4527
2652 22.1284
2653 21.4527
2654 18.5811
2655 21.6216
2656 23.4797
2657 21.6216
2658 22.8041
2659 18.4122
2660 20.1014
2661 23.4797
2662 20.777
2663 22.1284
2664 20.1014
2665 21.6216
2666 19.2568
2667 21.7905
2668 20.2703
2669 19.5946
2670 20.9459
2671 20.4392
2672 18.5811
2673 22.2973
2674 21.2838
2675 21.7905
2676 20.777
2677 21.6216
2678 22.973
2679 20.2703
2680 20.1014
2681 20.1014
2682 20.777
2683 18.0743
2684 21.7905
2685 19.7635
2686 19.0878
2687 19.5946
2688 19.2568
2689 23.3108
2690 20.777
2691 19.2568
2692 21.2838
2693 19.7635
2694 19.7635
2695 16.5541
2696 23.4797
2697 19.2568
2698 18.2432
2699 20.9459
2700 20.9459
2701 19.7635
2702 21.9595
2703 22.973
2704 21.6216
2705 21.1149
2706 22.973
2707 18.9189
2708 19.4257
2709 17.7365
2710 22.1284
2711 21.9595
2712 19.4257
2713 19.4257
2714 24.4932
2715 17.9054
2716 21.7905
2717 18.5811
2718 20.6081
2719 21.7905
2720 18.2432
2721 17.9054
2722 20.4392
2723 19.7635
2724 19.0878
2725 20.4392
2726 25.1689
2727 22.8041
2728 22.1284
2729 19.7635
2730 18.2432
2731 21.4527
2732 21.4527
2733 21.2838
2734 19.9324
2735 21.9595
2736 19.4257
2737 20.1014
2738 20.777
2739 21.2838
2740 20.4392
2741 19.5946
2742 23.8176
2743 19.0878
2744 21.2838
2745 17.5676
2746 20.1014
2747 21.1149
2748 18.4122
2749 20.2703
2750 23.4797
2751 20.9459
2752 18.0743
2753 19.9324
2754 18.9189
2755 20.1014
2756 22.973
2757 22.8041
2758 23.1419
2759 20.4392
2760 20.9459
2761 19.5946
2762 22.1284
2763 19.0878
2764 20.1014
2765 17.7365
2766 21.6216
2767 19.0878
2768 22.6351
2769 20.777
2770 19.9324
2771 18.9189
2772 20.9459
2773 21.9595
2774 18.75
2775 18.2432
2776 20.1014
2777 19.0878
2778 20.2703
2779 20.1014
2780 22.973
2781 23.9865
2782 21.9595
2783 22.973
2784 23.1419
2785 19.0878
2786 23.4797
2787 21.2838
2788 18.9189
2789 19.5946
2790 19.9324
2791 22.973
2792 19.2568
2793 21.9595
2794 23.3108
2795 23.6486
2796 23.1419
2797 23.3108
2798 19.0878
2799 21.9595
2800 19.5946
2801 19.0878
2802 19.0878
2803 22.2973
2804 19.4257
2805 19.9324
2806 21.1149
2807 21.1149
2808 20.9459
2809 21.2838
2810 23.4797
2811 21.1149
2812 19.4257
2813 18.75
2814 19.7635
2815 17.5676
2816 17.7365
2817 21.7905
2818 21.1149
2819 20.6081
2820 18.9189
2821 20.777
2822 22.2973
2823 19.0878
2824 18.75
2825 19.4257
2826 20.777
2827 22.2973
2828 18.4122
2829 20.9459
2830 20.6081
2831 21.6216
2832 23.6486
2833 22.4662
2834 21.7905
2835 21.9595
2836 21.2838
2837 21.4527
2838 21.7905
2839 18.75
2840 20.6081
2841 22.6351
2842 23.3108
2843 22.2973
2844 17.3986
2845 20.1014
2846 19.2568
2847 19.5946
2848 16.8919
2849 19.0878
2850 17.2297
2851 22.8041
2852 19.4257
2853 21.4527
2854 18.5811
2855 19.0878
2856 17.7365
2857 22.2973
2858 19.0878
2859 23.8176
2860 21.1149
2861 20.2703
2862 18.4122
2863 19.2568
2864 19.9324
2865 21.4527
2866 23.4797
2867 20.777
2868 20.6081
2869 21.1149
2870 20.777
2871 20.9459
2872 20.1014
2873 23.1419
2874 19.7635
2875 19.5946
2876 18.9189
2877 18.2432
2878 23.8176
2879 20.2703
2880 18.9189
2881 20.6081
2882 17.3986
2883 24.3243
2884 19.7635
2885 20.4392
2886 19.9324
2887 18.9189
2888 23.4797
2889 19.9324
2890 21.4527
2891 22.4662
2892 19.2568
2893 22.2973
2894 22.4662
2895 21.9595
2896 19.7635
2897 18.75
2898 18.9189
2899 20.2703
2900 16.3851
2901 19.9324
2902 18.2432
2903 18.5811
2904 19.4257
2905 21.7905
2906 22.4662
2907 20.9459
2908 19.7635
2909 20.9459
2910 18.75
2911 20.9459
2912 21.9595
2913 19.4257
2914 18.75
2915 23.1419
2916 19.0878
2917 21.6216
2918 20.2703
2919 22.2973
2920 20.777
2921 21.6216
2922 23.6486
2923 19.2568
2924 19.2568
2925 21.9595
2926 17.7365
2927 23.3108
2928 20.6081
2929 20.9459
2930 19.9324
2931 17.2297
2932 18.5811
2933 21.6216
2934 22.4662
2935 19.5946
2936 20.2703
2937 19.2568
2938 18.2432
2939 17.5676
2940 22.4662
2941 18.2432
2942 20.2703
2943 19.0878
2944 16.8919
2945 22.1284
2946 19.2568
2947 20.777
2948 17.3986
2949 18.0743
2950 19.4257
2951 22.973
2952 19.7635
2953 20.9459
2954 19.4257
2955 18.75
2956 20.2703
2957 19.9324
2958 21.1149
2959 20.9459
2960 18.9189
2961 21.2838
2962 22.4662
2963 22.973
2964 19.4257
2965 18.75
2966 19.9324
2967 22.2973
2968 22.2973
2969 19.7635
2970 22.6351
2971 20.1014
2972 19.0878
2973 18.2432
2974 20.777
2975 18.4122
2976 22.2973
2977 18.0743
2978 20.777
2979 20.1014
2980 18.9189
2981 22.4662
2982 20.6081
2983 23.4797
2984 23.3108
2985 20.2703
2986 19.9324
2987 22.6351
2988 22.4662
2989 18.2432
2990 18.4122
2991 20.2703
2992 20.777
2993 20.4392
2994 21.2838
2995 19.9324
2996 19.9324
2997 21.1149
2998 23.1419
2999 19.4257
3000 20.2703
