# time MSD
0 0
1 1.7256
2 2.7404
3 3.8784
4 5.0472
5 5.9138
6 6.9277
7 8.0369
8 8.9112
9 9.5607
10 10.5050
11 11.3365
12 12.3445
13 13.5004
14 14.2028
15 15.4930
16 16.1501
17 17.1433
18 17.6956
19 18.7184
20 19.5001
21 20.3590
22 21.0981
23 22.2506
24 23.6907
25 24.5093
26 25.9434
27 27.0869
28 27.4270
29 28.7056
30 29.5596
31 30.2943
32 31.1334
33 31.8771
34 32.8829
35 33.8131
36 34.8379
37 35.7499
38 36.0047
39 36.5873
40 37.5477
41 38.6215
42 39.6447
43 39.9463
44 41.3810
45 42.0589
46 42.8122
47 43.3842
48 44.8711
49 46.0214
50 46.2892
51 46.8497
52 48.2480
53 48.9674
54 49.1841
55 50.1123
56 51.1368
57 52.4679
58 53.7261
59 54.4645
60 55.1135
61 55.9425
62 56.9818
63 57.8622
64 58.8513
65 59.8220
66 60.3750
67 61.3059
68 61.7820
69 63.0482
70 63.6161
71 64.8881
72 66.2168
73 66.7770
74 67.2320
75 67.7984
76 69.1589
77 69.6151
78 70.7764
79 71.7313
80 72.4986
81 73.4522
82 74.5250
83 75.6214
84 77.2714
85 78.1797
86 79.0621
87 79.9027
88 81.0587
89 82.3402
90 83.2096
91 84.1913
92 84.7265
93 85.4390
94 86.5120
95 86.7423
96 88.0540
97 88.8329
98 89.0336
99 89.9600
100 90.7719
101 92.1814
102 93.3503
103 94.4960
104 95.0300
105 95.7859
106 96.5001
107 97.4108
108 98.6266
109 100.0217
110 101.0596
111 101.4741
112 102.7660
113 103.9764
114 104.4316
115 106.0633
116 106.2789
117 107.7887
118 108.4513
119 109.2859
120 110.1924
121 111.7475
122 112.7790
123 113.2608
124 114.0085
125 113.9538
126 114.4878
127 115.2036
128 115.7480
129 116.3992
130 117.6934
131 118.4749
132 119.0104
133 120.0319
134 121.2861
135 122.3335
136 123.2972
137 124.0394
138 124.2924
139 125.0865
140 126.0980
141 126.5985
142 128.1238
143 128.3612
144 129.6435
145 129.6012
146 131.2291
147 132.0347
148 132.8567
149 133.7257
150 134.9531
151 135.8516
152 136.9292
153 137.6098
154 139.1586
155 140.3934
156 141.1464
157 142.5471
158 142.9814
159 143.1390
160 144.1442
161 146.0956
162 145.9376
163 146.6011
164 147.5041
165 148.0500
166 148.9665
167 149.4325
168 151.6176
169 152.3684
170 153.3053
171 154.6557
172 155.1630
173 155.7454
174 156.8354
175 157.6759
176 158.4820
177 159.1831
178 160.1318
179 160.8943
180 161.5753
181 162.4929
182 163.2632
183 164.0067
184 165.5587
185 166.4374
186 167.4118
187 167.0722
188 167.7808
189 168.8618
190 169.2841
191 169.6610
192 170.6479
193 171.4372
194 172.6222
195 173.1171
196 173.8366
197 175.3752
198 176.3369
199 177.3694
200 177.5798
201 178.3668
202 180.5881
203 180.5393
204 181.9685
205 183.1923
206 184.1728
207 184.5728
208 185.3018
209 187.0866
210 188.0145
211 189.0930
212 189.8748
213 190.8175
214 192.3492
215 192.2818
216 193.1590
217 194.6672
218 194.8138
219 195.9733
220 196.6095
221 197.6551
222 198.8627
223 199.2447
224 200.5607
225 201.4774
226 202.7453
227 202.5748
228 204.0260
229 204.6675
230 206.1423
231 207.3652
232 207.4550
233 209.1979
234 210.1656
235 211.0402
236 210.7096
237 212.2559
238 213.0612
239 213.5453
240 214.2755
241 216.2094
242 216.9441
243 218.0725
244 218.2576
245 219.2657
246 220.2074
247 220.8079
248 221.7870
249 222.2143
250 223.5480
251 224.2922
252 223.8817
253 225.7506
254 225.9182
255 226.8519
256 228.1069
257 228.1152
258 229.6787
259 229.8379
260 230.3942
261 231.0810
262 231.7234
263 232.4945
264 233.5383
265 233.8671
266 234.0979
267 235.3109
268 235.5201
269 236.6929
270 237.9216
271 238.4134
272 240.2027
273 240.5516
274 241.5104
275 242.2092
276 242.9003
277 243.1698
278 244.3938
279 244.5920
280 245.5658
281 246.4348
282 247.0595
283 248.5388
284 249.0204
285 250.5928
286 251.8198
287 252.6766
288 253.3962
289 254.8152
290 256.5610
291 257.2872
292 257.6624
293 258.1490
294 259.1742
295 260.4563
296 261.8137
297 262.4191
298 262.8817
299 264.0671
300 265.0636
301 266.4257
302 267.5118
303 268.1319
304 269.4459
305 270.3658
306 270.9837
307 272.3860
308 272.0588
309 272.4150
310 274.2037
311 275.1670
312 276.9304
313 277.6796
314 277.9540
315 279.2996
316 279.8586
317 280.8144
318 281.1792
319 282.2231
320 283.4327
321 284.4665
322 285.4801
323 286.6175
324 287.5785
325 288.0686
326 288.3596
327 290.0854
328 290.5577
329 292.0119
330 293.1409
331 292.7942
332 293.9112
333 294.9879
334 295.5490
335 295.9183
336 297.4767
337 298.8413
338 300.3055
339 299.8442
340 300.8438
341 302.4266
342 302.6095
343 303.7322
344 304.3218
345 305.8318
346 306.5949
347 307.0331
348 307.9228
349 308.9339
350 308.7601
351 308.9150
352 309.9543
353 310.4598
354 311.3821
355 311.9997
356 312.8379
357 313.7553
358 314.0885
359 314.1908
360 314.9878
361 314.2508
362 315.6245
363 316.2923
364 317.5143
365 318.0041
366 319.2239
367 319.6957
368 320.9407
369 321.7542
370 322.6187
371 324.4312
372 325.1027
373 326.5852
374 327.7859
375 328.7448
376 330.6738
377 331.6635
378 333.2042
379 334.0850
380 335.2075
381 336.0118
382 336.2052
383 336.8431
384 337.7660
385 338.3127
386 338.9083
387 340.3084
388 341.4823
389 343.5014
390 343.1055
391 344.2271
392 345.0995
393 346.2123
394 347.0521
395 348.2034
396 348.8574
397 349.5998
398 350.8910
399 351.9948
400 352.8382
401 353.8226
402 354.6187
403 355.0004
404 356.0307
405 357.4028
406 357.1943
407 358.8885
408 359.3848
409 359.9895
410 361.2195
411 362.2629
412 362.0293
413 363.3996
414 364.5285
415 364.7556
416 366.5334
417 367.3190
418 366.7257
419 367.9174
420 369.6005
421 370.9279
422 371.8496
423 372.0504
424 372.4698
425 373.5579
426 375.7169
427 377.1274
428 378.1272
429 379.1454
430 379.6604
431 380.9817
432 381.5056
433 382.0540
434 381.7232
435 381.9754
436 382.6299
437 382.4716
438 383.4087
439 384.0424
440 385.3204
441 385.9237
442 386.4097
443 388.1307
444 388.6546
445 388.8181
446 391.3364
447 391.3954
448 392.3015
449 392.4884
450 392.2991
451 392.1862
452 393.3423
453 393.9654
454 394.7315
455 395.5830
456 396.6867
457 398.3185
458 399.0430
459 399.3798
460 400.9154
461 401.4324
462 402.3822
463 403.5183
464 404.8717
465 405.7299
466 407.0200
467 406.9365
468 407.6594
469 408.4256
470 409.4004
471 411.4221
472 412.3830
473 413.8069
474 415.1928
475 414.7246
476 416.7204
477 418.1949
478 418.6120
479 419.7853
480 419.2977
481 418.9599
482 419.4479
483 420.7655
484 420.6968
485 421.8081
486 422.4663
487 424.4473
488 425.3512
489 426.4822
490 426.4811
491 427.2286
492 427.4119
493 429.0115
494 430.3030
495 430.7227
496 430.8845
497 432.7556
498 433.2619
499 434.1554
500 434.1020
501 434.0352
502 435.9651
503 435.9051
504 437.7052
505 438.4485
506 439.5031
507 439.7834
508 441.3918
509 442.4630
510 443.0983
511 445.7307
512 445.6726
513 446.4218
514 446.9343
515 447.8415
516 449.4371
517 450.3253
518 452.9878
519 452.5314
520 453.9847
521 454.1422
522 456.5773
523 457.5444
524 457.9141
525 457.7662
526 458.9326
527 458.6588
528 459.7478
529 461.2510
530 460.9229
531 461.5495
532 462.9726
533 462.8751
534 463.7828
535 464.6094
536 466.2159
537 466.5308
538 467.6471
539 467.6334
540 468.2840
541 469.1034
542 471.0283
543 470.9493
544 472.3495
545 472.5126
546 472.7503
547 473.6371
548 474.5123
549 475.4948
550 476.8804
551 478.2655
552 478.9865
553 479.5496
554 480.6039
555 481.5757
556 482.9142
557 483.3051
558 484.8820
559 485.6518
560 486.7075
561 487.0652
562 487.5997
563 488.5926
564 489.1831
565 490.0691
566 490.1287
567 490.5022
568 491.7590
569 492.1898
570 492.8558
571 493.6758
572 495.2172
573 495.8220
574 496.6275
575 496.6953
576 497.1551
577 497.2134
578 497.7590
579 498.3338
580 498.2812
581 500.1906
582 501.3613
583 501.3173
584 502.8590
585 504.3220
586 503.8964
587 505.5110
588 506.7411
589 506.4214
590 508.8939
591 509.5550
592 510.1900
593 510.8935
594 510.6383
595 511.6701
596 512.7901
597 514.0987
598 514.8086
599 514.8238
600 515.9538
601 517.2449
602 518.5458
603 519.4707
604 519.6502
605 520.4371
606 522.1175
607 522.5401
608 523.1143
609 522.9058
610 524.2397
611 525.1985
612 525.9482
613 526.3577
614 527.1676
615 527.8741
616 529.4054
617 530.7681
618 531.7677
619 532.1514
620 533.1860
621 534.1234
622 535.1949
623 536.7784
624 537.1964
625 537.6925
626 538.5340
627 540.1140
628 540.5064
629 540.8982
630 542.3481
631 543.8934
632 544.3760
633 545.8807
634 546.9580
635 547.8526
636 548.4117
637 549.9485
638 551.1848
639 551.6052
640 551.7308
641 552.4846
642 552.8628
643 553.5931
644 555.1610
645 554.8670
646 554.8730
647 555.8101
648 556.7135
649 559.2249
650 560.5629
651 562.2442
652 563.0723
653 563.7469
654 564.9213
655 566.1997
656 567.0223
657 569.0911
658 569.6737
659 570.5629
660 571.9261
661 572.2296
662 573.5281
663 574.3289
664 575.0707
665 576.2274
666 576.7899
667 577.5847
668 577.5236
669 577.4311
670 578.4628
671 578.9490
672 579.3647
673 580.6076
674 580.9948
675 582.3340
676 582.8110
677 582.9050
678 583.3681
679 585.5477
680 586.4938
681 587.6975
682 588.9263
683 589.6108
684 591.1313
685 593.0366
686 592.0679
687 592.3571
688 593.3623
689 594.5536
690 594.9393
691 597.1107
692 597.6034
693 597.8140
694 598.9915
695 600.2906
696 600.3338
697 600.8433
698 602.1483
699 603.0027
700 603.3454
701 604.8314
702 604.4711
703 604.9976
704 606.1387
705 606.3827
706 607.5492
707 608.6295
708 609.8051
709 610.5614
710 611.0271
711 611.2456
712 611.9864
713 612.4432
714 611.7439
715 612.5883
716 613.5395
717 613.6136
718 614.3582
719 614.8501
720 615.1098
721 616.6058
722 617.3304
723 618.0577
724 618.4651
725 619.3695
726 620.6784
727 620.6820
728 622.1322
729 622.8685
730 623.8382
731 623.8701
732 625.1611
733 625.3284
734 626.3292
735 627.4987
736 629.1633
737 629.1635
738 629.8467
739 630.3436
740 631.8562
741 633.8747
742 634.3100
743 634.9849
744 636.8758
745 637.1361
746 637.8043
747 638.8022
748 639.0682
749 639.6506
750 640.4968
751 640.3749
752 640.4827
753 641.2831
754 641.8535
755 643.1013
756 642.8981
757 644.1753
758 644.7982
759 644.6290
760 646.1272
761 647.2276
762 647.5880
763 647.9181
764 648.6901
765 649.5749
766 650.1231
767 650.6379
768 651.7907
769 652.5400
770 653.9671
771 653.9593
772 654.3064
773 655.4013
774 655.8814
775 656.6614
776 657.1810
777 658.1335
778 659.1334
779 659.3944
780 661.8723
781 662.8866
782 663.4718
783 664.0684
784 664.4002
785 665.9307
786 666.3131
787 667.2479
788 667.4676
789 669.1522
790 669.3354
791 669.9592
792 670.0634
793 671.0444
794 671.4076
795 672.7238
796 674.1097
797 674.6664
798 674.7269
799 675.0572
800 675.1479
801 676.1781
802 677.2187
803 678.2248
804 678.7898
805 679.6729
806 681.7404
807 682.5573
808 682.9439
809 685.3959
810 687.5958
811 687.7474
812 687.9654
813 689.1543
814 689.2573
815 690.0696
816 691.9686
817 692.9283
818 693.2679
819 693.9113
820 696.3689
821 697.1003
822 697.2812
823 698.5569
824 699.5408
825 700.3004
826 701.1851
827 701.7377
828 703.4895
829 703.9145
830 703.9063
831 705.2136
832 705.8741
833 706.7160
834 707.5470
835 708.2261
836 708.2000
837 708.7140
838 710.3438
839 712.3314
840 712.6071
841 713.8011
842 714.1886
843 714.5870
844 714.9566
845 715.5717
846 717.0282
847 718.2614
848 718.8143
849 719.5928
850 722.2012
851 721.3168
852 722.6986
853 723.4164
854 724.2658
855 724.4159
856 725.6407
857 727.6426
858 727.8379
859 728.5213
860 728.9722
861 731.0325
862 731.3476
863 732.0551
864 731.9628
865 733.2297
866 733.4475
867 735.1963
868 736.3300
869 735.8200
870 736.8694
871 737.8500
872 739.4151
873 740.8709
874 741.2141
875 742.5073
876 743.3333
877 743.3685
878 745.0733
879 745.6713
880 746.2473
881 746.9353
882 748.6271
883 750.3167
884 751.4633
885 751.4446
886 753.3708
887 754.3039
888 755.2705
889 755.0307
890 755.7683
891 756.9088
892 756.9596
893 757.2922
894 758.1049
895 758.1145
896 759.1542
897 759.8081
898 760.6638
899 761.5144
900 762.2878
901 763.0404
902 763.1182
903 764.1812
904 764.6188
905 765.8143
906 766.2797
907 766.3828
908 767.7165
909 766.9011
910 768.0706
911 768.9452
912 769.1542
913 770.9615
914 770.8997
915 772.0424
916 773.7187
917 774.1985
918 774.4048
919 775.6167
920 775.8499
921 776.7098
922 777.6614
923 778.4684
924 779.5767
925 781.3089
926 782.1938
927 783.7032
928 784.2036
929 784.8470
930 786.1355
931 786.0350
932 786.0963
933 787.2169
934 789.1430
935 789.2273
936 789.6044
937 791.2367
938 792.5539
939 793.2656
940 793.5915
941 794.6171
942 795.7570
943 795.7505
944 796.6616
945 797.5702
946 798.5254
947 800.1866
948 801.2402
949 802.7509
950 804.2717
951 804.3387
952 805.5126
953 805.9610
954 806.4001
955 807.7761
956 807.9534
957 808.5629
958 809.2948
959 809.7254
960 811.1336
961 811.7061
962 812.7314
963 813.5721
964 814.1465
965 814.8894
966 815.9114
967 817.8166
968 818.8188
969 818.9082
970 820.8391
971 821.7321
972 821.6114
973 822.6086
974 823.2197
975 823.2926
976 823.3326
977 825.1138
978 826.9853
979 828.1679
980 828.9066
981 829.1471
982 831.7150
983 832.2696
984 833.5291
985 834.2929
986 835.9534
987 836.9717
988 837.1354
989 836.8836
990 836.8852
991 837.0711
992 838.7918
993 838.6058
994 839.4728
995 841.0992
996 841.4778
997 842.1535
998 841.7144
999 842.9029
1000 843.4122
1001 844.7760
1002 845.3509
1003 846.0818
1004 846.2766
1005 848.3015
1006 848.1777
1007 849.0618
1008 849.6150
1009 851.5186
1010 851.7754
1011 852.5929
1012 853.3277
1013 854.1430
1014 855.0416
1015 856.7566
1016 857.1059
1017 857.6827
1018 858.0668
1019 858.8955
1020 860.7091
1021 861.7059
1022 861.6462
1023 864.5041
1024 864.6702
1025 865.8702
1026 866.1099
1027 867.2079
1028 868.2320
1029 869.7397
1030 871.1560
1031 871.9902
1032 872.2018
1033 873.3026
1034 873.7893
1035 874.3252
1036 874.3573
1037 876.2065
1038 876.8450
1039 877.4426
1040 877.4946
1041 878.8634
1042 879.0901
1043 879.9927
1044 880.8584
1045 881.8221
1046 882.6628
1047 883.7237
1048 884.7815
1049 885.4162
1050 886.5128
1051 886.7569
1052 888.4766
1053 888.8222
1054 889.2787
1055 890.4534
1056 891.7165
1057 892.8921
1058 893.8719
1059 894.8985
1060 895.2662
1061 896.2898
1062 897.5561
1063 898.7679
1064 900.0480
1065 900.1456
1066 900.8707
1067 901.0341
1068 901.5139
1069 903.0856
1070 903.3276
1071 903.9233
1072 905.7976
1073 906.8903
1074 909.3463
1075 910.0331
1076 912.5025
1077 912.8355
1078 913.3312
1079 913.8505
1080 914.7297
1081 914.7907
1082 914.6114
1083 914.8254
1084 916.0484
1085 917.2006
1086 918.3092
1087 918.7246
1088 919.4233
1089 920.3100
1090 922.5209
1091 923.0196
1092 923.3604
1093 925.1270
1094 926.9204
1095 925.9243
1096 928.5242
1097 929.3154
1098 930.6248
1099 931.2727
1100 932.5630
1101 931.9649
1102 932.3599
1103 934.6254
1104 935.9424
1105 936.9617
1106 937.1376
1107 937.7612
1108 939.0707
1109 940.2527
1110 941.2593
1111 942.2548
1112 942.0956
1113 942.4953
1114 945.1313
1115 947.0531
1116 946.4602
1117 948.8712
1118 949.4391
1119 949.4482
1120 950.8251
1121 950.4788
1122 951.5071
1123 952.2884
1124 954.2115
1125 955.0121
1126 956.2769
1127 956.1170
1128 955.6324
1129 957.5370
1130 958.1415
1131 960.7598
1132 962.4649
1133 962.6051
1134 963.4376
1135 962.5390
1136 963.9421
1137 964.7692
1138 964.1257
1139 965.5587
1140 966.5682
1141 966.3300
1142 965.8451
1143 966.2246
1144 966.9816
1145 968.7893
1146 969.9901
1147 971.6488
1148 971.9881
1149 972.9866
1150 973.9044
1151 973.3049
1152 974.4134
1153 974.9680
1154 977.1024
1155 977.3127
1156 978.1556
1157 978.8910
1158 979.2653
1159 979.6436
1160 981.4148
1161 982.5921
1162 983.6891
1163 983.5118
1164 984.7122
1165 985.7380
1166 986.3585
1167 986.8532
1168 988.2361
1169 987.8948
1170 989.1479
1171 989.6837
1172 990.3864
1173 991.8112
1174 991.6155
1175 990.6444
1176 992.2111
1177 992.4636
1178 994.1450
1179 994.2029
1180 996.3771
1181 997.4919
1182 998.2648
1183 999.0475
1184 1000.1552
1185 999.8536
1186 1001.2984
1187 1001.6920
1188 1002.5446
1189 1003.4635
1190 1004.6115
1191 1005.3460
1192 1005.9702
1193 1007.2465
1194 1008.0933
1195 1009.0969
1196 1010.5139
1197 1012.0769
1198 1012.5577
1199 1014.1475
1200 1014.3129
1201 1014.3688
1202 1015.9313
1203 1017.0481
1204 1016.8780
1205 1019.2818
1206 1019.8178
1207 1019.5363
1208 1021.7521
1209 1022.5802
1210 1024.0307
1211 1024.6517
1212 1024.6704
1213 1025.8569
1214 1026.5819
1215 1027.7637
1216 1027.3574
1217 1027.0501
1218 1028.3142
1219 1029.0313
1220 1030.6446
1221 1032.0758
1222 1033.7697
1223 1034.7709
1224 1035.9676
1225 1037.0185
1226 1036.5917
1227 1037.9345
1228 1039.1519
1229 1040.6886
1230 1040.9050
1231 1041.6384
1232 1042.2170
1233 1042.7604
1234 1045.5080
1235 1045.2739
1236 1045.6156
1237 1046.9022
1238 1046.5255
1239 1048.4975
1240 1048.3727
1241 1049.0832
1242 1051.0555
1243 1052.4003
1244 1053.1527
1245 1053.6651
1246 1053.4644
1247 1055.8081
1248 1057.7607
1249 1057.4875
1250 1058.3644
1251 1058.9952
1252 1060.1344
1253 1060.8844
1254 1062.5285
1255 1062.9996
1256 1064.4541
1257 1063.9809
1258 1066.7039
1259 1066.9350
1260 1068.3351
1261 1069.0068
1262 1070.6142
1263 1071.5012
1264 1070.8966
1265 1072.4499
1266 1072.3360
1267 1074.8267
1268 1075.8327
1269 1077.1150
1270 1078.2584
1271 1078.9153
1272 1079.4667
1273 1080.8374
1274 1081.6625
1275 1082.5807
1276 1083.6380
1277 1084.8971
1278 1085.9611
1279 1086.8933
1280 1086.5513
1281 1087.8298
1282 1088.0919
1283 1089.6828
1284 1089.3895
1285 1090.8534
1286 1092.0991
1287 1093.2201
1288 1093.8812
1289 1095.1794
1290 1096.6344
1291 1097.3647
1292 1096.8673
1293 1097.0091
1294 1098.0452
1295 1098.2269
1296 1098.7526
1297 1099.7136
1298 1099.8393
1299 1101.3269
1300 1101.4560
1301 1102.0755
1302 1102.9919
1303 1105.5347
1304 1107.6925
1305 1109.2548
1306 1109.2523
1307 1110.1640
1308 1110.7418
1309 1110.8372
1310 1112.9292
1311 1113.4700
1312 1114.8148
1313 1115.6544
1314 1115.4655
1315 1116.9352
1316 1117.4334
1317 1119.8032
1318 1121.7624
1319 1122.4119
1320 1123.9890
1321 1124.2408
1322 1123.0316
1323 1124.9825
1324 1125.5359
1325 1126.0120
1326 1126.8698
1327 1128.6742
1328 1129.8571
1329 1130.4476
1330 1131.5836
1331 1133.3049
1332 1134.3046
1333 1135.1170
1334 1135.4284
1335 1136.1710
1336 1137.3744
1337 1138.1289
1338 1139.9605
1339 1140.6637
1340 1142.7252
1341 1142.6023
1342 1143.0570
1343 1144.1791
1344 1143.9590
1345 1144.7761
1346 1145.6530
1347 1147.0243
1348 1147.8925
1349 1149.2806
1350 1149.8140
1351 1151.8476
1352 1152.0865
1353 1153.1188
1354 1153.9303
1355 1155.6537
1356 1156.9344
1357 1158.0822
1358 1159.2243
1359 1160.6559
1360 1162.6131
1361 1163.1160
1362 1163.4974
1363 1164.9410
1364 1165.0788
1365 1165.3518
1366 1166.2766
1367 1167.1188
1368 1169.4873
1369 1170.3544
1370 1170.0757
1371 1171.1157
1372 1171.8501
1373 1174.0558
1374 1173.8703
1375 1174.4683
1376 1175.1429
1377 1175.9564
1378 1175.0414
1379 1175.5586
1380 1176.2934
1381 1176.3416
1382 1177.3811
1383 1178.4739
1384 1179.6657
1385 1180.8345
1386 1180.4537
1387 1180.8776
1388 1182.5207
1389 1183.2683
1390 1185.1153
1391 1186.4997
1392 1185.5291
1393 1186.8943
1394 1188.0166
1395 1187.4038
1396 1189.8057
1397 1190.7273
1398 1191.5292
1399 1193.8751
1400 1193.3801
1401 1193.9274
1402 1194.6910
1403 1195.4120
1404 1194.3547
1405 1195.7965
1406 1195.4880
1407 1195.7999
1408 1196.5228
1409 1197.7546
1410 1198.8150
1411 1199.5435
1412 1200.7722
1413 1201.3419
1414 1201.7059
1415 1202.2759
1416 1203.6506
1417 1204.2634
1418 1204.3895
1419 1206.4661
1420 1206.6451
1421 1207.2959
1422 1208.9426
1423 1209.4711
1424 1209.7101
1425 1210.3731
1426 1211.7733
1427 1211.6802
1428 1214.0713
1429 1215.1305
1430 1215.0788
1431 1216.7310
1432 1216.4384
1433 1218.0626
1434 1218.3276
1435 1219.6505
1436 1221.9519
1437 1223.4078
1438 1223.5516
1439 1224.5715
1440 1224.9130
1441 1226.4051
1442 1228.1470
1443 1229.4234
1444 1231.1199
1445 1231.4311
1446 1233.0187
1447 1233.2821
1448 1235.5241
1449 1234.4505
1450 1236.1008
1451 1236.6427
1452 1237.9700
1453 1238.5506
1454 1239.5220
1455 1239.7518
1456 1243.2216
1457 1243.9792
1458 1246.6242
1459 1246.0338
1460 1245.5602
1461 1244.4991
1462 1245.9048
1463 1246.3435
1464 1248.1454
1465 1249.3875
1466 1249.1125
1467 1251.4489
1468 1252.0927
1469 1253.4485
1470 1253.5081
1471 1253.8712
1472 1254.0439
1473 1254.0283
1474 1254.6840
1475 1255.2344
1476 1255.5386
1477 1257.0432
1478 1257.9632
1479 1258.3314
1480 1257.7262
1481 1259.7789
1482 1261.2154
1483 1261.6290
1484 1263.6256
1485 1262.5005
1486 1262.6794
1487 1262.9529
1488 1265.6049
1489 1266.6171
1490 1267.2031
1491 1268.4665
1492 1268.6683
1493 1268.8391
1494 1269.7624
1495 1270.3178
1496 1271.0168
1497 1272.2582
1498 1271.9677
1499 1272.8391
1500 1273.4154
1501 1274.7802
1502 1275.2502
1503 1275.4326
1504 1276.9323
1505 1276.9512
1506 1278.7902
1507 1278.6567
1508 1279.6486
1509 1281.6013
1510 1282.4664
1511 1283.4120
1512 1283.8348
1513 1285.3554
1514 1287.0615
1515 1287.1612
1516 1287.2996
1517 1288.8214
1518 1289.2858
1519 1289.6753
1520 1291.3001
1521 1291.5984
1522 1291.7956
1523 1292.4950
1524 1294.3652
1525 1294.2800
1526 1296.5759
1527 1297.1195
1528 1297.9771
1529 1298.5865
1530 1300.0497
1531 1300.5581
1532 1302.4293
1533 1303.5363
1534 1303.1775
1535 1304.2615
1536 1305.9596
1537 1306.2455
1538 1306.4202
1539 1306.1592
1540 1307.3674
1541 1309.2499
1542 1312.4570
1543 1310.9572
1544 1311.4631
1545 1312.4060
1546 1314.0347
1547 1314.5056
1548 1314.9683
1549 1316.8304
1550 1317.2909
1551 1318.2092
1552 1319.2088
1553 1319.1904
1554 1319.5895
1555 1318.6670
1556 1319.3920
1557 1319.3381
1558 1320.3717
1559 1320.0316
1560 1320.4917
1561 1322.0702
1562 1323.6776
1563 1324.3175
1564 1324.9639
1565 1326.1942
1566 1326.7389
1567 1327.5894
1568 1329.1898
1569 1329.9386
1570 1332.0278
1571 1331.9338
1572 1333.8188
1573 1336.2820
1574 1336.1952
1575 1336.8339
1576 1337.9934
1577 1339.3943
1578 1340.4559
1579 1340.6720
1580 1341.2071
1581 1340.7681
1582 1340.7457
1583 1340.6514
1584 1340.8059
1585 1342.5502
1586 1344.3200
1587 1344.8990
1588 1348.0975
1589 1348.5593
1590 1348.3632
1591 1349.1141
1592 1348.9309
1593 1349.5874
1594 1350.2425
1595 1350.7971
1596 1351.7963
1597 1353.3292
1598 1353.6311
1599 1354.9612
1600 1354.7654
1601 1356.1985
1602 1356.4346
1603 1358.3432
1604 1359.3154
1605 1358.9657
1606 1360.2968
1607 1358.9377
1608 1360.0945
1609 1361.5314
1610 1362.8761
1611 1363.5452
1612 1365.4125
1613 1366.5316
1614 1366.9299
1615 1366.5340
1616 1367.0840
1617 1366.7980
1618 1368.3630
1619 1369.9251
1620 1370.3705
1621 1371.6790
1622 1373.1757
1623 1373.2739
1624 1374.0892
1625 1374.5842
1626 1375.4351
1627 1376.0966
1628 1377.2338
1629 1376.8876
1630 1378.0820
1631 1378.8665
1632 1380.5571
1633 1382.5911
1634 1382.7440
1635 1383.1882
1636 1384.2296
1637 1384.6113
1638 1384.5019
1639 1385.1667
1640 1386.1466
1641 1386.9720
1642 1388.4692
1643 1388.7316
1644 1390.3340
1645 1391.6167
1646 1391.1868
1647 1392.5811
1648 1393.6245
1649 1394.4945
1650 1395.3710
1651 1396.6928
1652 1396.6851
1653 1398.6892
1654 1399.6470
1655 1400.4347
1656 1400.8387
1657 1402.0713
1658 1403.3544
1659 1404.5252
1660 1405.0392
1661 1406.5779
1662 1406.6127
1663 1407.9879
1664 1409.2646
1665 1410.9692
1666 1412.0688
1667 1412.7554
1668 1414.6436
1669 1415.0278
1670 1415.7858
1671 1416.4978
1672 1416.6867
1673 1417.5207
1674 1418.6553
1675 1419.9991
1676 1422.6113
1677 1422.6996
1678 1424.5806
1679 1424.4164
1680 1427.1594
1681 1426.7179
1682 1427.9560
1683 1428.7815
1684 1428.6041
1685 1430.3011
1686 1431.0594
1687 1431.9014
1688 1432.6210
1689 1433.6267
1690 1433.6899
1691 1434.2354
1692 1434.6114
1693 1436.8777
1694 1437.9432
1695 1438.9095
1696 1439.8308
1697 1440.4242
1698 1442.1785
1699 1442.6195
1700 1442.3296
1701 1443.1280
1702 1442.8798
1703 1443.5562
1704 1444.5372
1705 1444.7401
1706 1447.0135
1707 1447.5998
1708 1448.6554
1709 1448.7579
1710 1450.6725
1711 1450.9107
1712 1450.2619
1713 1451.2701
1714 1452.2653
1715 1453.9771
1716 1455.7948
1717 1457.5211
1718 1458.3599
1719 1459.6348
1720 1459.7633
1721 1461.0591
1722 1460.9103
1723 1461.6525
1724 1462.4954
1725 1463.9758
1726 1465.2192
1727 1465.1274
1728 1467.3219
1729 1468.4004
1730 1469.1908
1731 1470.9159
1732 1471.5995
1733 1472.1753
1734 1472.8024
1735 1474.3065
1736 1474.9266
1737 1476.1360
1738 1476.7553
1739 1477.8113
1740 1477.1597
1741 1478.6865
1742 1480.1440
1743 1480.8875
1744 1481.1301
1745 1481.9248
1746 1483.4419
1747 1484.4828
1748 1486.4398
1749 1488.2284
1750 1488.5444
1751 1487.5611
1752 1488.0073
1753 1487.7515
1754 1488.2648
1755 1488.7320
1756 1489.2654
1757 1490.0342
1758 1490.6243
1759 1491.9508
1760 1492.5419
1761 1493.3478
1762 1495.0049
1763 1495.6063
1764 1493.8753
1765 1494.9622
1766 1495.3215
1767 1497.0771
1768 1498.1515
1769 1498.5000
1770 1500.1837
1771 1500.8247
1772 1500.5566
1773 1502.2845
1774 1503.9177
1775 1504.5959
1776 1506.5846
1777 1507.8376
1778 1509.2114
1779 1510.3235
1780 1510.3274
1781 1511.2326
1782 1512.8208
1783 1512.4223
1784 1514.1514
1785 1514.6250
1786 1515.5010
1787 1515.9551
1788 1515.8536
1789 1517.0116
1790 1517.8476
1791 1518.1378
1792 1519.1746
1793 1520.3597
1794 1520.5007
1795 1522.4127
1796 1523.1301
1797 1525.8213
1798 1524.8181
1799 1527.9432
1800 1529.1063
1801 1529.3761
1802 1529.4430
1803 1530.7360
1804 1531.7676
1805 1531.6106
1806 1533.4845
1807 1533.8388
1808 1533.7147
1809 1533.4344
1810 1533.8515
1811 1534.2838
1812 1535.5549
1813 1535.7543
1814 1536.6324
1815 1538.2429
1816 1538.9733
1817 1539.8790
1818 1540.8002
1819 1541.6613
1820 1541.6400
1821 1542.8371
1822 1542.8931
1823 1545.1054
1824 1545.2699
1825 1545.6046
1826 1547.0743
1827 1549.9086
1828 1550.4241
1829 1550.7470
1830 1550.9914
1831 1550.5718
1832 1551.7021
1833 1551.6710
1834 1553.3301
1835 1554.1895
1836 1555.7048
1837 1556.4319
1838 1557.6803
1839 1558.2237
1840 1559.3179
1841 1561.2960
1842 1561.6415
1843 1560.3552
1844 1561.6175
1845 1563.6375
1846 1561.9249
1847 1562.5618
1848 1564.3777
1849 1564.6132
1850 1565.2120
1851 1564.7580
1852 1565.7439
1853 1565.4757
1854 1568.1110
1855 1568.4486
1856 1570.1181
1857 1570.6078
1858 1569.9870
1859 1571.0967
1860 1573.0394
1861 1572.6859
1862 1572.0872
1863 1572.0908
1864 1573.6718
1865 1573.6121
1866 1575.0493
1867 1576.7828
1868 1575.6937
1869 1576.0708
1870 1578.0222
1871 1578.8778
1872 1577.7506
1873 1578.2078
1874 1579.4372
1875 1581.0663
1876 1582.2139
1877 1583.2593
1878 1584.6680
1879 1586.0970
1880 1586.8867
1881 1586.6071
1882 1586.7832
1883 1587.1447
1884 1588.1781
1885 1589.2454
1886 1589.5509
1887 1590.4179
1888 1591.3594
1889 1591.4192
1890 1590.9841
1891 1592.9643
1892 1593.2580
1893 1593.4323
1894 1594.5177
1895 1596.1200
1896 1597.6480
1897 1598.9785
1898 1599.1512
1899 1599.4683
1900 1600.7860
1901 1602.0028
1902 1602.1101
1903 1603.9397
1904 1605.0093
1905 1606.4436
1906 1608.6593
1907 1609.2379
1908 1610.3686
1909 1610.4844
1910 1612.7961
1911 1614.3400
1912 1613.8467
1913 1615.6207
1914 1616.4094
1915 1614.4081
1916 1613.5823
1917 1615.0308
1918 1614.8133
1919 1616.8688
1920 1618.1904
1921 1618.6650
1922 1620.2449
1923 1620.7271
1924 1622.2491
1925 1623.2782
1926 1624.6468
1927 1625.8654
1928 1627.3900
1929 1627.4708
1930 1629.3268
1931 1630.0740
1932 1630.3994
1933 1632.4103
1934 1632.1950
1935 1633.6835
1936 1636.4162
1937 1637.6778
1938 1638.4641
1939 1640.7767
1940 1640.5425
1941 1641.5048
1942 1642.3783
1943 1643.0022
1944 1644.4207
1945 1646.0068
1946 1646.5181
1947 1647.6401
1948 1648.7869
1949 1649.3520
1950 1651.5290
1951 1650.6582
1952 1652.5659
1953 1654.8323
1954 1655.3472
1955 1657.6473
1956 1658.3766
1957 1658.1460
1958 1659.0728
1959 1659.2719
1960 1660.0506
1961 1659.8081
1962 1660.9126
1963 1661.3652
1964 1661.9357
1965 1663.1527
1966 1664.6084
1967 1666.3567
1968 1667.8251
1969 1667.9223
1970 1668.7507
1971 1668.8795
1972 1669.6853
1973 1670.6860
1974 1670.9872
1975 1671.6653
1976 1673.4892
1977 1674.0465
1978 1673.9760
1979 1675.1918
1980 1674.4569
1981 1676.1744
1982 1679.0529
1983 1679.5983
1984 1678.8273
1985 1680.0777
1986 1680.6438
1987 1682.7889
1988 1683.2014
1989 1683.5847
1990 1683.6295
1991 1684.6191
1992 1686.7851
1993 1687.7023
1994 1686.9242
1995 1690.0514
1996 1690.0822
1997 1690.5775
1998 1693.5712
1999 1693.9724
2000 1694.1895
2001 1695.2963
2002 1696.2436
2003 1696.6788
2004 1697.6857
2005 1697.5217
2006 1698.2175
2007 1700.1613
2008 1701.1601
2009 1701.5965
2010 1701.4816
2011 1701.7121
2012 1702.9891
2013 1702.4567
2014 1704.4051
2015 1705.3003
2016 1705.0349
2017 1707.2656
2018 1707.3073
2019 1709.5391
2020 1708.5901
2021 1708.6813
2022 1709.7247
2023 1709.6635
2024 1710.9550
2025 1711.1646
2026 1711.5623
2027 1713.8232
2028 1711.5165
2029 1713.0682
2030 1713.8950
2031 1714.1256
2032 1716.5865
2033 1716.6112
2034 1717.8112
2035 1717.9381
2036 1718.0057
2037 1719.0258
2038 1718.5033
2039 1718.9706
2040 1720.5547
2041 1722.2200
2042 1722.3136
2043 1724.9744
2044 1725.0889
2045 1726.9193
2046 1727.8873
2047 1728.8720
2048 1730.1072
2049 1731.0156
2050 1729.6748
2051 1732.6856
2052 1733.7395
2053 1734.4337
2054 1735.3436
2055 1735.4038
2056 1735.8762
2057 1735.4117
2058 1734.5176
2059 1734.2381
2060 1733.8995
2061 1734.4292
2062 1735.7208
2063 1736.5448
2064 1737.8993
2065 1738.0891
2066 1738.3695
2067 1738.7453
2068 1741.0541
2069 1742.9520
2070 1741.7949
2071 1742.8497
2072 1743.7835
2073 1744.5845
2074 1745.4335
2075 1743.9535
2076 1745.3694
2077 1746.9924
2078 1747.2107
2079 1748.4085
2080 1749.4252
2081 1750.0743
2082 1750.4705
2083 1752.0412
2084 1753.1303
2085 1753.1640
2086 1752.8653
2087 1754.2994
2088 1754.8414
2089 1755.7786
2090 1756.2719
2091 1756.5942
2092 1757.1468
2093 1758.5867
2094 1760.6752
2095 1760.3027
2096 1760.1994
2097 1760.7098
2098 1762.9914
2099 1764.1166
2100 1764.9939
2101 1762.5247
2102 1764.3106
2103 1765.2777
2104 1768.2062
2105 1768.6332
2106 1769.9945
2107 1771.5225
2108 1772.2220
2109 1773.2431
2110 1773.7085
2111 1775.3893
2112 1775.8712
2113 1776.0675
2114 1776.9768
2115 1778.1386
2116 1779.0511
2117 1780.8253
2118 1782.7688
2119 1783.6950
2120 1785.3560
2121 1787.1143
2122 1789.2354
2123 1791.0374
2124 1792.1215
2125 1791.2450
2126 1789.9174
2127 1789.4855
2128 1791.1405
2129 1793.3107
2130 1795.7049
2131 1796.8506
2132 1797.8411
2133 1799.1861
2134 1799.8736
2135 1800.2032
2136 1800.5747
2137 1800.8466
2138 1802.1422
2139 1802.0870
2140 1803.2075
2141 1803.4941
2142 1803.9974
2143 1803.1865
2144 1804.0625
2145 1805.5808
2146 1806.7499
2147 1807.7549
2148 1808.8748
2149 1810.7322
2150 1810.5582
2151 1811.1885
2152 1810.8901
2153 1812.2767
2154 1812.2152
2155 1813.6937
2156 1814.9149
2157 1816.2311
2158 1818.2990
2159 1820.1337
2160 1823.8875
2161 1823.7217
2162 1825.0895
2163 1825.6995
2164 1825.5715
2165 1826.3236
2166 1825.8084
2167 1827.2625
2168 1828.9770
2169 1828.1538
2170 1828.9376
2171 1828.3530
2172 1828.1629
2173 1828.8909
2174 1830.0117
2175 1830.8590
2176 1832.7838
2177 1834.6687
2178 1836.1549
2179 1836.1004
2180 1835.7170
2181 1836.4247
2182 1836.6668
2183 1837.1844
2184 1837.6898
2185 1838.7670
2186 1839.5566
2187 1840.9997
2188 1842.7593
2189 1843.8178
2190 1844.0673
2191 1844.6648
2192 1845.6279
2193 1847.8784
2194 1847.4438
2195 1848.0239
2196 1850.5134
2197 1851.5668
2198 1853.0433
2199 1854.8053
2200 1855.6528
2201 1855.5712
2202 1856.6702
2203 1856.2418
2204 1858.6625
2205 1858.0710
2206 1859.9978
2207 1860.0886
2208 1861.5033
2209 1862.2618
2210 1863.9869
2211 1864.2492
2212 1864.6516
2213 1867.2081
2214 1868.3056
2215 1868.9185
2216 1868.7104
2217 1871.7579
2218 1872.4712
2219 1873.9581
2220 1874.8293
2221 1875.2086
2222 1876.1577
2223 1879.0814
2224 1879.2072
2225 1881.2589
2226 1881.9361
2227 1881.6777
2228 1882.2468
2229 1884.6552
2230 1885.0381
2231 1885.2994
2232 1886.3938
2233 1885.7777
2234 1888.6525
2235 1889.7081
2236 1891.7848
2237 1892.0466
2238 1892.3471
2239 1892.2200
2240 1892.6900
2241 1894.2666
2242 1895.2759
2243 1896.0881
2244 1895.7107
2245 1898.7973
2246 1899.7647
2247 1900.6239
2248 1901.6226
2249 1903.3800
2250 1903.7033
2251 1903.5187
2252 1902.8883
2253 1903.8736
2254 1904.8006
2255 1904.3766
2256 1905.9198
2257 1905.1204
2258 1906.5206
2259 1906.0316
2260 1908.4604
2261 1909.4184
2262 1909.0589
2263 1910.9610
2264 1912.0205
2265 1912.7472
2266 1913.6991
2267 1915.5624
2268 1916.7898
2269 1915.9045
2270 1916.8073
2271 1917.7211
2272 1919.0894
2273 1918.8912
2274 1919.5026
2275 1919.4994
2276 1919.4192
2277 1920.2812
2278 1921.9983
2279 1922.4330
2280 1924.3161
2281 1926.9168
2282 1927.4771
2283 1927.9120
2284 1928.7379
2285 1930.8626
2286 1931.6719
2287 1933.3913
2288 1933.2034
2289 1933.4993
2290 1934.2516
2291 1933.3757
2292 1934.7233
2293 1934.9668
2294 1936.3443
2295 1938.5300
2296 1938.7423
2297 1938.3321
2298 1940.4998
2299 1941.0013
2300 1942.9028
2301 1943.5503
2302 1945.5806
2303 1947.0500
2304 1947.4944
2305 1950.0204
2306 1950.0282
2307 1950.5049
2308 1952.7317
2309 1952.2161
2310 1953.7815
2311 1954.6996
2312 1955.5157
2313 1955.7472
2314 1955.4607
2315 1954.6308
2316 1954.4482
2317 1954.3635
2318 1956.1297
2319 1957.4326
2320 1959.6846
2321 1960.5571
2322 1960.1360
2323 1961.2590
2324 1961.3925
2325 1962.1250
2326 1962.5382
2327 1964.2329
2328 1963.6094
2329 1963.8945
2330 1965.5712
2331 1965.7812
2332 1966.2605
2333 1968.1401
2334 1967.7280
2335 1968.0201
2336 1968.9544
2337 1969.1129
2338 1969.5987
2339 1971.1897
2340 1970.6514
2341 1973.1052
2342 1973.2604
2343 1975.7624
2344 1975.9937
2345 1976.5757
2346 1977.8387
2347 1978.0482
2348 1979.3265
2349 1979.4499
2350 1981.0162
2351 1982.4213
2352 1982.6937
2353 1984.2421
2354 1984.2361
2355 1984.3404
2356 1985.1868
2357 1985.4482
2358 1986.4001
2359 1988.2723
2360 1990.6403
2361 1991.0026
2362 1992.5632
2363 1993.6830
2364 1993.8801
2365 1995.7270
2366 1995.6067
2367 1997.1261
2368 1997.2728
2369 1999.9850
2370 2000.3413
2371 2002.2434
2372 2002.6434
2373 2004.8566
2374 2005.4690
2375 2006.7611
2376 2009.4795
2377 2008.1861
2378 2010.3728
2379 2009.8196
2380 2011.5113
2381 2012.4318
2382 2014.8952
2383 2015.0421
2384 2016.2896
2385 2015.4010
2386 2015.4730
2387 2017.6415
2388 2019.1396
2389 2020.5907
2390 2022.3428
2391 2021.7468
2392 2021.7789
2393 2021.7903
2394 2024.3552
2395 2024.8231
2396 2025.9237
2397 2027.6429
2398 2030.5364
2399 2030.8205
2400 2032.5723
2401 2033.3405
2402 2033.3261
2403 2033.7074
2404 2035.1440
2405 2035.7705
2406 2037.9952
2407 2038.7721
2408 2039.4792
2409 2040.1710
2410 2041.9909
2411 2040.3087
2412 2042.5956
2413 2043.5202
2414 2042.0920
2415 2043.5310
2416 2043.8990
2417 2044.3436
2418 2046.5993
2419 2046.3774
2420 2048.5151
2421 2049.4794
2422 2051.3754
2423 2052.4890
2424 2053.1892
2425 2053.1703
2426 2053.5060
2427 2054.0561
2428 2055.0584
2429 2056.3309
2430 2058.1796
2431 2059.8476
2432 2059.8288
2433 2061.2279
2434 2060.7713
2435 2062.9793
2436 2063.3562
2437 2063.7763
2438 2064.4351
2439 2065.5642
2440 2067.1229
2441 2067.4041
2442 2067.8944
2443 2068.2892
2444 2069.5203
2445 2072.0157
2446 2072.6923
2447 2074.9860
2448 2073.5321
2449 2072.5081
2450 2073.9639
2451 2074.8428
2452 2075.3819
2453 2076.5635
2454 2077.0313
2455 2077.3929
2456 2079.2659
2457 2079.9657
2458 2080.2876
2459 2082.2969
2460 2083.0647
2461 2083.1951
2462 2083.8887
2463 2084.1468
2464 2084.8036
2465 2084.5601
2466 2085.7124
2467 2085.6538
2468 2087.1896
2469 2088.9473
2470 2087.7852
2471 2088.8026
2472 2088.5706
2473 2089.4458
2474 2092.5316
2475 2093.3941
2476 2093.7867
2477 2093.7957
2478 2096.0388
2479 2096.4160
2480 2099.6190
2481 2099.6623
2482 2099.8587
2483 2101.1636
2484 2101.2500
2485 2105.1310
2486 2105.4398
2487 2108.3395
2488 2110.0196
2489 2110.6630
2490 2109.7637
2491 2109.0829
2492 2111.3614
2493 2112.2854
2494 2113.2198
2495 2113.0121
2496 2115.0785
2497 2115.7946
2498 2117.4373
2499 2118.0518
2500 2118.1731
2501 2118.4346
2502 2120.8847
2503 2121.8609
2504 2122.9637
2505 2123.7737
2506 2124.8642
2507 2123.9689
2508 2124.8850
2509 2126.9098
2510 2127.9225
2511 2127.4594
2512 2129.9610
2513 2131.0521
2514 2133.0656
2515 2132.9330
2516 2134.5646
2517 2133.8843
2518 2135.9754
2519 2138.7346
2520 2138.0578
2521 2138.8166
2522 2138.4726
2523 2139.0147
2524 2140.1362
2525 2139.8873
2526 2141.8812
2527 2142.2419
2528 2142.0555
2529 2140.9988
2530 2140.9226
2531 2142.4842
2532 2143.0118
2533 2143.0885
2534 2144.9103
2535 2144.5889
2536 2146.4315
2537 2147.4094
2538 2146.3583
2539 2149.0122
2540 2149.5169
2541 2149.0040
2542 2150.4419
2543 2151.2270
2544 2152.5719
2545 2152.8073
2546 2153.3477
2547 2152.0660
2548 2152.2270
2549 2152.2987
2550 2154.7342
2551 2155.5960
2552 2154.6141
2553 2155.7184
2554 2157.8336
2555 2157.8093
2556 2158.5282
2557 2159.3506
2558 2160.1399
2559 2160.3478
2560 2160.2623
2561 2160.7002
2562 2162.5898
2563 2162.2900
2564 2164.5635
2565 2164.2102
2566 2164.8393
2567 2164.3225
2568 2167.5784
2569 2168.3628
2570 2169.7945
2571 2168.4427
2572 2169.1429
2573 2170.5884
2574 2169.7952
2575 2170.2473
2576 2170.3128
2577 2170.0982
2578 2170.9761
2579 2172.3464
2580 2174.1152
2581 2174.5080
2582 2175.1359
2583 2175.9922
2584 2176.9522
2585 2179.1161
2586 2180.7367
2587 2182.3111
2588 2183.7105
2589 2183.5862
2590 2184.0436
2591 2184.7543
2592 2186.3015
2593 2188.2569
2594 2188.1673
2595 2189.0605
2596 2189.2647
2597 2192.0905
2598 2193.6482
2599 2192.4697
2600 2192.2072
2601 2192.6540
2602 2192.2365
2603 2195.9237
2604 2195.6633
2605 2196.0725
2606 2195.0284
2607 2195.9635
2608 2195.8238
2609 2196.4308
2610 2197.8955
2611 2198.5194
2612 2199.2368
2613 2199.5765
2614 2199.1066
2615 2201.2034
2616 2200.8283
2617 2202.0844
2618 2202.2183
2619 2202.6157
2620 2202.3306
2621 2205.0370
2622 2208.0951
2623 2208.2658
2624 2208.7084
2625 2208.4236
2626 2210.1365
2627 2210.5631
2628 2208.9560
2629 2212.9266
2630 2212.7759
2631 2215.0104
2632 2215.4974
2633 2215.8374
2634 2215.2297
2635 2216.8142
2636 2217.8649
2637 2217.4349
2638 2216.3795
2639 2218.5352
2640 2219.5732
2641 2218.7876
2642 2219.8147
2643 2220.6459
2644 2222.0733
2645 2221.7161
2646 2222.4683
2647 2223.3786
2648 2223.7604
2649 2225.9476
2650 2227.1817
2651 2227.6727
2652 2228.4881
2653 2228.9099
2654 2229.4154
2655 2230.4940
2656 2231.2143
2657 2231.1642
2658 2231.0292
2659 2231.7439
2660 2233.7740
2661 2234.7783
2662 2233.5651
2663 2236.4784
2664 2235.4665
2665 2236.1834
2666 2239.6540
2667 2240.3207
2668 2241.1847
2669 2240.6493
2670 2242.2465
2671 2241.5176
2672 2240.7844
2673 2242.0964
2674 2243.2914
2675 2244.5502
2676 2246.9320
2677 2247.3494
2678 2247.0574
2679 2247.6594
2680 2249.4332
2681 2248.4064
2682 2249.3335
2683 2250.4682
2684 2251.0268
2685 2251.6068
2686 2252.6622
2687 2252.5406
2688 2253.7879
2689 2254.7871
2690 2255.0591
2691 2257.8675
2692 2258.0261
2693 2259.8007
2694 2260.0592
2695 2261.3117
2696 2261.7292
2697 2263.4814
2698 2263.5987
2699 2266.6390
2700 2266.9609
2701 2267.5868
2702 2268.2257
2703 2269.6625
2704 2271.0278
2705 2270.9839
2706 2270.7636
2707 2271.7048
2708 2274.5907
2709 2275.6888
2710 2275.6584
2711 2277.9646
2712 2278.1599
2713 2278.8416
2714 2278.6097
2715 2279.8459
2716 2279.7298
2717 2278.7297
2718 2279.8413
2719 2280.9700
2720 2281.1032
2721 2279.9101
2722 2280.9192
2723 2279.1912
2724 2280.9071
2725 2280.3833
2726 2282.2513
2727 2283.3591
2728 2284.8373
2729 2284.0145
2730 2285.0991
2731 2284.3163
2732 2283.4171
2733 2285.8912
2734 2285.7373
2735 2287.5812
2736 2287.7322
2737 2288.8426
2738 2290.4994
2739 2290.7698
2740 2292.2218
2741 2291.1653
2742 2292.1759
2743 2292.6662
2744 2293.5077
2745 2294.8316
2746 2295.8827
2747 2297.4700
2748 2295.9554
2749 2298.9754
2750 2300.5213
2751 2301.8622
2752 2302.1375
2753 2302.6506
2754 2303.7024
2755 2303.0757
2756 2305.0403
2757 2306.3895
2758 2304.7854
2759 2306.6450
2760 2306.4283
2761 2308.1551
2762 2309.4395
2763 2310.3599
2764 2310.6428
2765 2312.7143
2766 2312.8414
2767 2313.8915
2768 2313.4660
2769 2313.4783
2770 2313.2478
2771 2314.2674
2772 2315.0016
2773 2314.9740
2774 2316.1346
2775 2318.0370
2776 2317.5601
2777 2319.4973
2778 2321.0955
2779 2320.9148
2780 2322.3710
2781 2323.0452
2782 2324.5704
2783 2325.7810
2784 2326.9567
2785 2327.5757
2786 2328.2446
2787 2327.4879
2788 2326.9405
2789 2327.4780
2790 2328.9770
2791 2328.5986
2792 2328.7901
2793 2328.7484
2794 2330.5155
2795 2329.9150
2796 2330.4301
2797 2332.5334
2798 2331.6804
2799 2332.1682
2800 2333.6363
2801 2334.6295
2802 2335.6138
2803 2339.0626
2804 2339.9656
2805 2340.5809
2806 2341.3945
2807 2343.4193
2808 2342.0347
2809 2343.2840
2810 2343.6874
2811 2345.2913
2812 2346.5726
2813 2348.3512
2814 2348.8352
2815 2349.6979
2816 2349.2540
2817 2350.7293
2818 2350.3868
2819 2351.9286
2820 2351.8544
2821 2353.7408
2822 2354.1566
2823 2355.4795
2824 2355.6306
2825 2358.1477
2826 2358.5937
2827 2359.5467
2828 2360.2028
2829 2361.9370
2830 2359.8335
2831 2362.0460
2832 2363.3980
2833 2365.3731
2834 2365.3911
2835 2364.8474
2836 2367.9463
2837 2367.4366
2838 2368.2893
2839 2368.9211
2840 2370.5540
2841 2370.8047
2842 2370.4467
2843 2372.8065
2844 2373.2864
2845 2375.4480
2846 2374.3724
2847 2375.5492
2848 2374.9963
2849 2374.8677
2850 2376.3589
2851 2378.0164
2852 2377.6316
2853 2377.9370
2854 2378.5820
2855 2379.4749
2856 2379.8665
2857 2380.7183
2858 2383.0832
2859 2383.1870
2860 2384.7430
2861 2384.6400
2862 2385.5537
2863 2385.9431
2864 2386.1377
2865 2388.0323
2866 2387.6971
2867 2387.5323
2868 2389.8026
2869 2390.8219
2870 2392.6753
2871 2394.0215
2872 2395.7695
2873 2395.9953
2874 2395.0781
2875 2396.2427
2876 2397.6480
2877 2398.0752
2878 2398.3430
2879 2400.5579
2880 2400.4687
2881 2399.1073
2882 2400.5663
2883 2401.9822
2884 2402.0553
2885 2401.9023
2886 2402.8045
2887 2404.5444
2888 2404.2653
2889 2405.1774
2890 2406.2229
2891 2407.6683
2892 2408.8736
2893 2409.3583
2894 2408.7103
2895 2410.7496
2896 2413.3495
2897 2414.0277
2898 2414.9163
2899 2415.9100
2900 2417.0947
2901 2419.4815
2902 2420.0021
2903 2419.1021
2904 2419.9352
2905 2420.2346
2906 2420.1913
2907 2419.3119
2908 2419.5681
2909 2419.1986
2910 2420.0293
2911 2420.2119
2912 2419.4354
2913 2422.1154
2914 2423.1010
2915 2424.4610
2916 2426.1650
2917 2427.2311
2918 2428.1018
2919 2429.1519
2920 2428.2809
2921 2428.0349
2922 2429.8757
2923 2428.9349
2924 2429.9216
2925 2430.6453
2926 2431.8376
2927 2432.6595
2928 2433.5316
2929 2433.6691
2930 2433.7970
2931 2437.2356
2932 2436.4947
2933 2437.8879
2934 2440.7865
2935 2442.4495
2936 2443.7819
2937 2445.6069
2938 2444.6061
2939 2444.9863
2940 2445.6957
2941 2444.9568
2942 2445.1317
2943 2447.2770
2944 2446.9938
2945 2448.7539
2946 2447.8938
2947 2449.9262
2948 2450.4522
2949 2451.9689
2950 2451.4996
2951 2453.4520
2952 2453.8219
2953 2455.7086
2954 2457.3422
2955 2458.1920
2956 2459.5802
2957 2459.3828
2958 2461.5512
2959 2461.8451
2960 2463.4500
2961 2465.6612
2962 2466.4570
2963 2468.8558
2964 2470.6887
2965 2469.9206
2966 2474.1424
2967 2475.3054
2968 2475.5797
2969 2476.4258
2970 2476.7691
2971 2478.1571
2972 2481.1290
2973 2480.5828
2974 2480.8361
2975 2480.5354
2976 2481.2602
2977 2482.1277
2978 2483.8779
2979 2483.1268
2980 2485.6700
2981 2485.3479
2982 2486.5020
2983 2486.2288
2984 2486.8201
2985 2487.4102
2986 2487.1527
2987 2488.5563
2988 2487.2769
2989 2487.3537
2990 2490.2829
2991 2491.1366
2992 2493.2183
2993 2492.6301
2994 2494.8715
2995 2494.6410
2996 2494.8228
2997 2496.5369
2998 2497.3714
2999 2497.3977
3000 2498.0254
