0 0
1 1.7735
2 2.7621
3 3.7490
4 4.6684
5 5.5927
6 6.4500
7 7.3994
8 8.5659
9 9.4407
10 10.3544
11 11.2881
12 12.2429
13 13.1874
14 13.9886
15 14.6374
16 15.5517
17 16.3811
18 17.4744
19 17.9868
20 19.0792
21 20.0762
22 21.1793
23 22.0669
24 22.5773
25 23.5028
26 24.1772
27 24.9024
28 25.8738
29 26.5273
30 27.9713
31 28.7518
32 29.4119
33 30.1553
34 31.2343
35 31.9105
36 32.6355
37 33.0192
38 33.6517
39 34.2269
40 35.3441
41 36.2001
42 37.0700
43 37.9699
44 38.9857
45 39.4474
46 40.1708
47 41.0478
48 41.7497
49 42.5542
50 43.0853
51 43.9124
52 44.9967
53 45.6510
54 46.1949
55 47.1825
56 48.1556
57 48.7523
58 49.8444
59 50.8666
60 51.8769
61 52.4297
62 53.1206
63 54.3908
64 55.0773
65 55.9589
66 56.8262
67 57.8922
68 58.4446
69 59.3231
70 60.5410
71 61.4263
72 62.2217
73 63.0681
74 63.4168
75 64.5721
76 65.2080
77 66.1328
78 66.7572
79 67.6592
80 68.8406
81 69.9681
82 70.6850
83 71.6816
84 72.2947
85 73.6016
86 74.2060
87 74.9147
88 75.6452
89 76.5079
90 77.9148
91 78.9052
92 79.8834
93 81.2262
94 81.6669
95 83.4870
96 84.1197
97 85.2787
98 85.7525
99 86.5682
100 87.2547
101 88.3703
102 89.1222
103 89.9509
104 90.4716
105 91.5782
106 92.8048
107 93.5524
108 94.8127
109 95.3160
110 95.8199
111 96.2910
112 97.7136
113 97.9090
114 98.9517
115 99.5438
116 100.7276
117 101.4305
118 102.5895
119 103.2918
120 104.6482
121 105.6585
122 107.0263
123 107.4405
124 108.1914
125 109.4350
126 110.7100
127 111.4422
128 112.5607
129 112.3488
130 113.4016
131 113.8099
132 115.3842
133 116.4277
134 117.6158
135 118.3871
136 119.7096
137 120.1169
138 121.1183
139 121.3780
140 121.7787
141 122.1505
142 123.2569
143 124.3483
144 124.7021
145 125.9094
146 126.9891
147 127.2277
148 128.1616
149 128.9021
150 129.4297
151 130.8990
152 131.7036
153 132.7969
154 133.1737
155 134.1117
156 135.1197
157 135.9950
158 136.2980
159 136.7403
160 137.8583
161 139.2854
162 140.0954
163 140.9792
164 141.3828
165 142.7596
166 143.3911
167 143.9477
168 144.5882
169 145.4101
170 146.2886
171 148.0153
172 148.8279
173 149.0713
174 149.6667
175 150.4845
176 151.2648
177 151.3918
178 152.4336
179 152.6863
180 154.1459
181 154.7347
182 155.6380
183 155.5814
184 156.5736
185 156.7311
186 157.3536
187 158.3720
188 159.5528
189 160.3325
190 160.5554
191 161.6573
192 162.7685
193 163.1895
194 164.7795
195 165.9224
196 166.4926
197 167.3277
198 168.4238
199 168.6207
200 169.6115
201 170.6740
202 171.8863
203 172.8338
204 173.4395
205 174.0174
206 174.7058
207 175.3943
208 175.9910
209 176.0648
210 177.7771
211 178.3165
212 179.2223
213 179.9409
214 180.6190
215 182.1326
216 182.4163
217 183.4495
218 184.0177
219 184.3640
220 185.8197
221 186.5518
222 187.5989
223 188.4017
224 189.0841
225 190.1697
226 191.1943
227 192.4893
228 193.5487
229 194.6296
230 195.1362
231 196.0677
232 196.4160
233 197.2845
234 198.1436
235 199.3660
236 200.2090
237 201.0519
238 202.1316
239 203.3678
240 204.5258
241 205.8243
242 206.9038
243 208.1798
244 209.1764
245 210.4838
246 211.2025
247 211.7028
248 212.3344
249 213.2000
250 214.2435
251 215.2226
252 215.5548
253 216.4179
254 217.2437
255 218.1577
256 218.6664
257 219.8544
258 220.4633
259 221.2223
260 222.1894
261 222.7329
262 223.5197
263 224.4532
264 225.0725
265 225.4009
266 226.2722
267 226.4153
268 227.7569
269 228.5553
270 229.5544
271 229.9529
272 231.2381
273 231.8332
274 232.1455
275 233.0099
276 234.2444
277 234.5812
278 235.5367
279 237.1123
280 239.0624
281 240.0770
282 240.4835
283 241.9705
284 243.4788
285 243.6310
286 245.1223
287 246.2960
288 246.1670
289 247.9041
290 248.7224
291 250.2073
292 251.2458
293 251.8070
294 253.0841
295 253.7890
296 254.7524
297 255.4475
298 256.7389
299 257.6785
300 257.7492
301 259.0167
302 259.9603
303 260.8787
304 260.4337
305 261.6217
306 262.8035
307 264.2066
308 265.1735
309 265.7200
310 267.0006
311 267.8041
312 269.0730
313 269.5964
314 270.7567
315 271.7820
316 272.4744
317 273.6947
318 274.3039
319 275.3511
320 276.0729
321 276.8728
322 277.0571
323 278.1080
324 279.0167
325 280.0365
326 280.8853
327 280.8950
328 282.3927
329 283.0601
330 283.5215
331 284.8305
332 285.3683
333 286.1785
334 286.4748
335 287.3912
336 288.6365
337 289.5065
338 290.0249
339 291.2669
340 292.8487
341 293.2613
342 295.5632
343 296.2575
344 297.8023
345 297.4640
346 298.9181
347 299.6495
348 300.9973
349 301.8188
350 302.5561
351 303.1250
352 303.9564
353 305.4446
354 305.3367
355 306.3405
356 307.0014
357 308.3530
358 309.1739
359 310.0320
360 310.3404
361 311.1078
362 313.2630
363 313.7096
364 314.8324
365 315.8916
366 317.2148
367 318.7439
368 319.5223
369 319.9594
370 321.8708
371 322.1609
372 322.9081
373 324.2927
374 324.9569
375 326.5530
376 326.7243
377 327.6358
378 328.6412
379 328.9268
380 329.4167
381 330.2483
382 331.7500
383 331.8049
384 332.7563
385 334.1336
386 334.7973
387 335.4884
388 336.5332
389 336.6347
390 337.9144
391 339.5783
392 341.3168
393 341.6512
394 342.0529
395 343.0100
396 344.0951
397 344.9815
398 346.5066
399 347.6884
400 347.8061
401 348.4201
402 348.5618
403 349.5596
404 349.4621
405 351.0574
406 352.3568
407 352.6378
408 353.4452
409 353.6217
410 354.4678
411 355.6916
412 356.5447
413 357.6720
414 357.6010
415 357.9231
416 358.3478
417 359.2608
418 359.9278
419 361.0567
420 362.3176
421 362.5826
422 363.1491
423 364.3193
424 364.8535
425 365.6562
426 366.3472
427 367.1563
428 368.2943
429 369.1845
430 370.0582
431 371.2599
432 371.4697
433 372.9897
434 373.7014
435 374.2580
436 375.1127
437 375.1879
438 376.9129
439 377.9636
440 379.2566
441 380.0753
442 381.3074
443 381.7097
444 382.8433
445 384.1138
446 384.9069
447 385.5216
448 386.7620
449 388.9779
450 388.9707
451 389.3473
452 390.7695
453 391.5399
454 390.6870
455 391.2114
456 392.9454
457 394.6361
458 394.7472
459 395.9421
460 396.9803
461 397.4937
462 398.5983
463 399.5598
464 399.9071
465 400.3933
466 400.9998
467 401.5617
468 401.8627
469 403.7389
470 403.2272
471 404.7109
472 405.7602
473 406.1657
474 407.4108
475 407.3903
476 409.5742
477 409.0908
478 410.5462
479 411.9611
480 412.7123
481 414.9290
482 415.7507
483 416.3024
484 416.3437
485 417.2761
486 418.1374
487 418.3145
488 420.0039
489 419.7879
490 421.0293
491 422.9901
492 423.5933
493 424.4517
494 424.8675
495 425.9991
496 426.8252
497 428.2561
498 427.5551
499 429.0835
500 429.3908
501 431.5568
502 432.0912
503 432.1111
504 432.9186
505 433.6288
506 434.4499
507 435.6448
508 435.6011
509 435.6767
510 437.8935
511 437.9725
512 437.8673
513 438.7944
514 439.5447
515 440.2240
516 441.8841
517 442.9290
518 443.9882
519 444.3302
520 444.7127
521 445.2345
522 446.4794
523 446.4995
524 447.0529
525 448.9654
526 449.9525
527 451.4205
528 452.1288
529 452.8718
530 453.4984
531 454.5911
532 456.2376
533 457.0859
534 458.2411
535 459.2511
536 459.2930
537 460.0535
538 461.7201
539 462.5950
540 463.6982
541 464.3560
542 465.6838
543 467.5744
544 468.1130
545 468.5058
546 469.5361
547 471.2045
548 472.5320
549 473.2504
550 474.0251
551 474.6073
552 475.6411
553 475.3750
554 476.7340
555 477.2388
556 478.6297
557 479.3288
558 479.9313
559 481.1394
560 482.2837
561 483.5277
562 484.7981
563 486.1208
564 486.0236
565 487.5988
566 488.0966
567 488.8851
568 490.3048
569 491.4676
570 492.0695
571 492.8429
572 492.6454
573 493.3835
574 493.7590
575 495.1752
576 496.3946
577 497.0492
578 498.4344
579 498.3287
580 500.6112
581 501.2900
582 501.6428
583 502.6871
584 502.5066
585 504.7628
586 506.6132
587 507.8718
588 508.7028
589 509.6657
590 511.5076
591 511.6592
592 512.6872
593 512.3789
594 512.7237
595 514.5905
596 515.4076
597 516.7225
598 516.6954
599 517.3805
600 519.3314
601 520.0343
602 520.4072
603 521.8301
604 522.5582
605 522.7761
606 525.0130
607 525.1442
608 526.6772
609 527.1102
610 528.4228
611 528.9069
612 530.7799
613 531.6631
614 531.8807
615 533.0215
616 533.9137
617 534.5939
618 535.0425
619 535.0967
620 536.2122
621 538.7701
622 538.7126
623 539.3866
624 540.4223
625 541.2251
626 541.1865
627 542.9488
628 544.2664
629 545.6357
630 545.4387
631 547.1628
632 548.3980
633 549.6162
634 550.5402
635 551.4885
636 553.2366
637 552.9179
638 554.3766
639 555.3623
640 555.9059
641 557.2776
642 558.1565
643 559.4869
644 560.5890
645 562.0375
646 561.7036
647 563.2562
648 563.5591
649 563.9276
650 565.3012
651 567.5599
652 567.7433
653 568.7777
654 570.7760
655 571.9231
656 573.0574
657 574.3855
658 575.6134
659 576.7347
660 577.5098
661 578.5254
662 579.0413
663 579.7545
664 580.0795
665 582.6255
666 582.5816
667 582.6704
668 584.8018
669 585.3095
670 586.1388
671 586.5159
672 587.4003
673 587.2730
674 590.0747
675 590.6518
676 591.6610
677 592.6019
678 593.8496
679 594.9980
680 594.9627
681 595.8637
682 596.8385
683 597.1153
684 597.7471
685 598.4345
686 599.4504
687 600.5099
688 601.3848
689 602.3623
690 603.9124
691 605.4310
692 606.9069
693 608.2664
694 608.6179
695 609.0111
696 610.5524
697 610.0784
698 611.8347
699 612.7510
700 612.4021
701 613.3761
702 614.0426
703 614.9763
704 615.4938
705 616.0050
706 617.0341
707 617.1036
708 618.2541
709 619.6289
710 619.5768
711 620.8758
712 621.5708
713 622.8958
714 623.8675
715 625.0258
716 625.4609
717 626.4178
718 628.0964
719 628.4949
720 628.5650
721 630.9813
722 632.4394
723 631.6445
724 632.6558
725 632.9992
726 633.5596
727 634.4380
728 635.5467
729 635.4330
730 636.6317
731 637.6598
732 638.6134
733 639.3216
734 640.5255
735 639.8837
736 640.2599
737 640.6981
738 640.6893
739 640.6171
740 642.0621
741 642.7776
742 644.2235
743 644.8217
744 645.8885
745 648.0263
746 647.9021
747 649.4651
748 650.0684
749 651.1852
750 652.7968
751 653.0749
752 653.8173
753 655.4808
754 655.7725
755 656.7177
756 656.6067
757 657.5419
758 657.5984
759 658.7828
760 661.2247
761 663.4104
762 663.4968
763 663.7407
764 664.5619
765 664.7267
766 665.8272
767 666.7114
768 668.7724
769 669.2457
770 670.4943
771 670.4341
772 671.5622
773 672.7709
774 674.9823
775 675.5987
776 675.5990
777 676.7926
778 677.9838
779 677.7303
780 678.1811
781 678.9348
782 680.1518
783 681.2933
784 681.8264
785 683.0103
786 683.5944
787 685.1425
788 685.7609
789 686.2059
790 688.5354
791 689.0406
792 691.1345
793 691.5681
794 692.3265
795 693.4082
796 694.1079
797 695.5685
798 696.0552
799 696.9786
800 696.8388
801 698.4594
802 699.0131
803 699.8241
804 700.7298
805 702.6960
806 703.0134
807 704.4780
808 704.7474
809 704.5780
810 705.3999
811 705.6794
812 706.4402
813 706.7797
814 707.7046
815 708.2791
816 708.4698
817 710.3570
818 711.2012
819 711.5366
820 713.3117
821 713.8326
822 714.8840
823 716.4102
824 716.6491
825 718.1473
826 719.0499
827 718.9271
828 720.6625
829 721.7631
830 721.6884
831 721.4235
832 724.4011
833 725.6810
834 725.7763
835 727.1441
836 726.6991
837 728.6915
838 729.6903
839 729.9962
840 731.2120
841 732.3258
842 732.5107
843 733.8847
844 734.3842
845 735.8295
846 737.0789
847 739.8506
848 739.7734
849 740.6498
850 740.6890
851 741.6266
852 742.4010
853 742.1727
854 742.4458
855 742.5853
856 744.2502
857 744.1677
858 744.8951
859 746.0183
860 746.8530
861 748.8670
862 749.2810
863 750.9700
864 752.3005
865 752.7158
866 754.5250
867 754.9059
868 756.4311
869 757.5092
870 758.0067
871 758.3220
872 758.7269
873 759.4631
874 759.6281
875 760.7915
876 761.1009
877 762.8423
878 763.7571
879 764.8401
880 766.0431
881 766.3110
882 765.8252
883 765.5638
884 767.0142
885 767.2106
886 768.0402
887 768.2201
888 769.1254
889 770.4459
890 770.7154
891 772.0093
892 772.5219
893 772.0570
894 772.5474
895 774.6036
896 774.8340
897 776.2111
898 776.1336
899 777.5486
900 779.1038
901 779.1840
902 780.3354
903 781.9413
904 781.9669
905 782.6124
906 782.9440
907 784.2843
908 785.3667
909 787.3673
910 787.8354
911 788.5159
912 789.4434
913 790.0980
914 791.5381
915 792.9262
916 794.1846
917 795.2216
918 795.3390
919 796.3321
920 797.7593
921 798.1174
922 798.7567
923 797.7577
924 799.0244
925 799.1212
926 800.1054
927 802.0693
928 802.7858
929 802.6149
930 803.3041
931 803.1264
932 804.3424
933 805.2993
934 806.0024
935 806.7592
936 807.9678
937 809.2774
938 810.2128
939 810.6870
940 812.2092
941 813.1810
942 814.8761
943 814.7269
944 817.0020
945 817.3110
946 818.5538
947 819.3351
948 820.6262
949 821.4764
950 823.3232
951 824.0837
952 826.4874
953 827.4737
954 828.1818
955 829.5487
956 829.3592
957 831.0067
958 832.4735
959 833.1378
960 833.3758
961 834.6819
962 835.3662
963 837.0131
964 837.9795
965 837.9691
966 838.4755
967 839.1264
968 840.3193
969 840.4506
970 842.2543
971 841.7079
972 842.2865
973 843.4846
974 843.9435
975 844.6541
976 845.8265
977 846.8113
978 848.6498
979 849.0283
980 849.6403
981 851.0180
982 851.4863
983 852.5651
984 853.4879
985 854.8077
986 855.9972
987 857.7088
988 856.5216
989 858.2026
990 858.6718
991 859.0081
992 859.4197
993 859.3041
994 862.3874
995 862.8202
996 863.7353
997 863.3425
998 863.8708
999 864.6148
1000 864.4804
1001 864.9755
1002 865.5544
1003 866.7138
1004 867.1853
1005 868.4676
1006 868.6646
1007 869.5112
1008 869.8902
1009 871.1020
1010 871.7551
1011 872.2676
1012 873.8106
1013 875.2085
1014 875.6241
1015 876.5934
1016 878.5079
1017 878.7622
1018 880.6624
1019 882.3179
1020 882.3934
1021 884.7245
1022 885.9536
1023 887.2674
1024 886.3877
1025 887.9187
1026 889.1522
1027 891.0696
1028 891.2726
1029 891.3922
1030 891.4817
1031 892.5000
1032 893.1017
1033 894.0128
1034 894.9462
1035 895.6911
1036 895.7032
1037 896.3674
1038 897.7648
1039 897.0667
1040 898.4350
1041 899.3425
1042 899.3946
1043 901.4923
1044 902.2301
1045 902.4290
1046 903.5677
1047 904.1687
1048 905.8704
1049 906.6264
1050 906.9455
1051 908.3026
1052 909.7901
1053 910.9958
1054 910.7250
1055 913.6158
1056 912.8610
1057 914.1624
1058 914.5499
1059 915.0161
1060 915.5114
1061 915.7232
1062 916.3127
1063 918.1151
1064 917.7266
1065 917.9271
1066 918.3457
1067 919.3102
1068 920.9412
1069 922.6505
1070 924.5146
1071 927.7394
1072 928.3543
1073 929.0365
1074 931.0802
1075 931.3461
1076 933.4854
1077 934.3029
1078 934.9873
1079 934.5897
1080 936.0744
1081 937.6910
1082 938.1790
1083 938.6409
1084 940.4624
1085 942.1099
1086 943.6649
1087 944.3385
1088 944.5337
1089 945.2961
1090 947.6318
1091 948.2064
1092 948.0839
1093 949.5837
1094 950.8923
1095 951.7283
1096 952.9329
1097 953.5311
1098 953.7488
1099 954.0453
1100 955.6305
1101 956.4199
1102 958.6317
1103 959.8585
1104 960.8684
1105 960.8896
1106 961.2927
1107 961.7908
1108 962.5178
1109 963.5658
1110 964.5074
1111 964.0176
1112 965.0946
1113 965.7744
1114 965.5661
1115 965.7576
1116 967.2673
1117 969.3539
1118 970.1673
1119 972.4385
1120 972.8745
1121 974.0990
1122 976.4696
1123 976.4785
1124 978.0095
1125 978.5976
1126 979.2960
1127 979.4470
1128 980.2251
1129 980.5149
1130 980.9620
1131 982.5994
1132 982.6396
1133 984.6397
1134 983.5954
1135 985.8446
1136 985.8768
1137 985.5619
1138 986.9980
1139 988.9789
1140 990.5607
1141 992.3458
1142 993.7295
1143 995.0024
1144 995.0483
1145 998.4020
1146 1000.2712
1147 1000.5143
1148 1002.7473
1149 1003.1394
1150 1004.7386
1151 1005.1919
1152 1006.1920
1153 1005.8340
1154 1007.0164
1155 1007.9038
1156 1008.0265
1157 1009.7738
1158 1009.8267
1159 1010.5488
1160 1011.1505
1161 1012.6795
1162 1014.1533
1163 1014.7554
1164 1016.0342
1165 1017.7090
1166 1017.8893
1167 1019.5721
1168 1020.2943
1169 1020.7410
1170 1022.0149
1171 1023.0192
1172 1023.8672
1173 1024.0418
1174 1025.9164
1175 1027.6056
1176 1028.2297
1177 1029.1544
1178 1030.1316
1179 1031.4048
1180 1031.3183
1181 1031.5615
1182 1032.9461
1183 1033.6741
1184 1035.4866
1185 1036.6848
1186 1037.7199
1187 1038.2001
1188 1038.8201
1189 1040.4101
1190 1041.6455
1191 1043.5293
1192 1043.5500
1193 1043.6486
1194 1045.3745
1195 1046.7038
1196 1048.1573
1197 1049.2973
1198 1049.3895
1199 1049.5632
1200 1051.0346
1201 1052.7786
1202 1052.4977
1203 1053.0379
1204 1053.3305
1205 1054.3573
1206 1055.5307
1207 1057.1047
1208 1059.0839
1209 1060.0516
1210 1060.5853
1211 1060.6986
1212 1061.7895
1213 1062.2769
1214 1062.3738
1215 1061.4946
1216 1063.8545
1217 1063.3390
1218 1066.4093
1219 1068.2975
1220 1068.0650
1221 1069.8623
1222 1070.7166
1223 1071.3154
1224 1072.9518
1225 1073.6115
1226 1075.1178
1227 1077.3131
1228 1076.9253
1229 1076.4896
1230 1077.8844
1231 1078.5849
1232 1079.9688
1233 1080.3387
1234 1081.8028
1235 1081.6846
1236 1082.1228
1237 1083.0499
1238 1085.4997
1239 1086.3670
1240 1086.4772
1241 1087.2677
1242 1088.8136
1243 1090.6201
1244 1091.1802
1245 1090.3366
1246 1091.1947
1247 1093.2352
1248 1093.9578
1249 1095.5345
1250 1096.7018
1251 1096.6257
1252 1097.5609
1253 1098.9508
1254 1098.7232
1255 1099.9499
1256 1099.6131
1257 1100.8879
1258 1102.1234
1259 1102.0128
1260 1102.3332
1261 1103.1729
1262 1103.0349
1263 1104.1368
1264 1106.9650
1265 1107.4502
1266 1108.3299
1267 1109.4470
1268 1109.5543
1269 1110.0680
1270 1111.7886
1271 1112.2150
1272 1114.0216
1273 1115.0208
1274 1115.6462
1275 1117.1429
1276 1118.9026
1277 1119.1703
1278 1119.3731
1279 1120.9224
1280 1121.3590
1281 1122.3263
1282 1122.5284
1283 1123.1098
1284 1124.5779
1285 1125.4451
1286 1126.9470
1287 1128.3686
1288 1128.8904
1289 1130.3392
1290 1130.2978
1291 1130.8676
1292 1130.5294
1293 1131.1293
1294 1132.2579
1295 1133.5355
1296 1134.5199
1297 1136.1213
1298 1137.2823
1299 1137.5086
1300 1138.8194
1301 1139.7310
1302 1141.0297
1303 1141.5854
1304 1141.5637
1305 1142.5669
1306 1143.8081
1307 1143.5132
1308 1144.2447
1309 1144.2785
1310 1146.8211
1311 1148.2415
1312 1148.8996
1313 1148.7339
1314 1150.3097
1315 1151.0733
1316 1151.6552
1317 1153.1294
1318 1152.8667
1319 1152.2226
1320 1153.6049
1321 1154.9991
1322 1155.5415
1323 1155.8215
1324 1158.3010
1325 1158.4792
1326 1160.4722
1327 1162.4684
1328 1163.0560
1329 1163.8674
1330 1164.8874
1331 1166.4471
1332 1168.6907
1333 1168.9595
1334 1170.9596
1335 1170.9159
1336 1172.9214
1337 1173.7807
1338 1174.7052
1339 1175.0333
1340 1176.6548
1341 1177.8930
1342 1178.5427
1343 1179.5473
1344 1180.0633
1345 1181.7221
1346 1182.7599
1347 1183.5678
1348 1185.9051
1349 1187.0122
1350 1187.7792
1351 1188.1490
1352 1187.4546
1353 1189.4304
1354 1189.6631
1355 1190.7237
1356 1190.4815
1357 1189.5440
1358 1190.7760
1359 1192.6099
1360 1193.6078
1361 1194.2534
1362 1195.4490
1363 1195.8823
1364 1196.4331
1365 1198.0273
1366 1198.6030
1367 1199.5829
1368 1201.0117
1369 1202.1207
1370 1203.4961
1371 1204.0619
1372 1203.7066
1373 1206.1039
1374 1206.9263
1375 1207.5294
1376 1209.0597
1377 1210.3631
1378 1209.8974
1379 1211.6617
1380 1211.6566
1381 1212.5602
1382 1214.2125
1383 1215.9593
1384 1215.6080
1385 1215.1286
1386 1217.7301
1387 1218.8451
1388 1219.7998
1389 1220.6474
1390 1221.3525
1391 1221.4439
1392 1221.8663
1393 1222.0764
1394 1223.2845
1395 1223.3166
1396 1224.2913
1397 1224.9800
1398 1225.9217
1399 1225.4921
1400 1225.8236
1401 1225.8559
1402 1228.1056
1403 1228.5392
1404 1228.3184
1405 1228.6304
1406 1229.4296
1407 1230.9754
1408 1231.8695
1409 1232.0779
1410 1232.9135
1411 1234.0404
1412 1234.6966
1413 1236.4646
1414 1236.1392
1415 1236.4804
1416 1237.0171
1417 1239.0021
1418 1238.6552
1419 1240.2816
1420 1241.5730
1421 1242.5598
1422 1243.2740
1423 1244.7622
1424 1244.8892
1425 1245.8575
1426 1246.9512
1427 1248.0855
1428 1248.5911
1429 1250.1222
1430 1251.0909
1431 1252.4196
1432 1253.1658
1433 1254.2546
1434 1254.9676
1435 1255.5680
1436 1255.9477
1437 1257.7452
1438 1258.2065
1439 1259.2726
1440 1260.5953
1441 1261.7074
1442 1261.7605
1443 1262.8282
1444 1264.4774
1445 1265.7360
1446 1267.3753
1447 1266.9840
1448 1269.5283
1449 1269.3920
1450 1270.8587
1451 1271.9322
1452 1273.3294
1453 1273.6996
1454 1273.3504
1455 1273.9063
1456 1275.1114
1457 1277.2354
1458 1276.7913
1459 1278.4535
1460 1279.1194
1461 1279.8947
1462 1279.8446
1463 1281.6822
1464 1281.7750
1465 1283.3036
1466 1283.8030
1467 1284.1241
1468 1283.7952
1469 1284.8397
1470 1286.4826
1471 1287.6672
1472 1289.4522
1473 1288.8455
1474 1290.6249
1475 1291.0202
1476 1292.1976
1477 1292.3148
1478 1291.6159
1479 1291.8331
1480 1294.0035
1481 1293.5617
1482 1295.1300
1483 1296.5448
1484 1297.1629
1485 1299.9287
1486 1300.5327
1487 1302.5016
1488 1301.8457
1489 1303.5151
1490 1304.9588
1491 1304.9696
1492 1306.9043
1493 1308.7297
1494 1310.4964
1495 1311.2837
1496 1311.1708
1497 1310.6188
1498 1312.0772
1499 1313.1959
1500 1314.7895
1501 1316.4387
1502 1319.4288
1503 1319.3611
1504 1319.8769
1505 1321.5951
1506 1322.3543
1507 1322.1555
1508 1324.4163
1509 1325.1419
1510 1325.6703
1511 1325.9571
1512 1326.1655
1513 1327.5173
1514 1327.1008
1515 1328.8504
1516 1328.8428
1517 1331.6060
1518 1331.2521
1519 1331.6767
1520 1333.0128
1521 1333.4373
1522 1334.8977
1523 1336.3121
1524 1337.7076
1525 1337.0317
1526 1337.8951
1527 1338.0425
1528 1339.8841
1529 1340.6195
1530 1342.2322
1531 1342.9076
1532 1344.0049
1533 1344.7256
1534 1344.6672
1535 1345.6100
1536 1346.5741
1537 1347.9612
1538 1348.9089
1539 1350.6096
1540 1350.4778
1541 1352.1387
1542 1352.0002
1543 1353.2818
1544 1352.4131
1545 1354.6699
1546 1355.0206
1547 1355.0092
1548 1357.3704
1549 1359.0616
1550 1359.9704
1551 1360.2210
1552 1362.3228
1553 1362.2096
1554 1364.4463
1555 1365.4874
1556 1366.4714
1557 1367.6671
1558 1368.3575
1559 1370.1388
1560 1371.1463
1561 1372.4939
1562 1372.8988
1563 1374.7029
1564 1374.5731
1565 1374.8240
1566 1376.1368
1567 1378.0317
1568 1379.4394
1569 1381.4243
1570 1383.3747
1571 1383.7086
1572 1384.8041
1573 1385.4149
1574 1385.4981
1575 1386.1887
1576 1387.2242
1577 1388.7089
1578 1387.7906
1579 1389.1405
1580 1390.0769
1581 1389.9417
1582 1391.4797
1583 1392.1474
1584 1392.1077
1585 1393.7934
1586 1393.6713
1587 1395.9116
1588 1396.6098
1589 1397.1535
1590 1397.8278
1591 1398.3610
1592 1400.5430
1593 1400.7902
1594 1401.8124
1595 1402.5629
1596 1403.2147
1597 1403.5210
1598 1404.3814
1599 1404.9473
1600 1405.4584
1601 1405.5269
1602 1406.2794
1603 1406.6613
1604 1406.3270
1605 1407.6645
1606 1407.3575
1607 1406.5368
1608 1408.7338
1609 1410.3114
1610 1410.6897
1611 1411.6431
1612 1412.2327
1613 1412.6534
1614 1413.2861
1615 1414.4324
1616 1415.6976
1617 1416.1144
1618 1416.7556
1619 1418.8794
1620 1419.5122
1621 1420.0271
1622 1420.2279
1623 1421.4541
1624 1422.4776
1625 1424.6777
1626 1424.1261
1627 1424.6638
1628 1425.3651
1629 1425.7224
1630 1426.7709
1631 1428.2172
1632 1427.7748
1633 1430.3054
1634 1431.4246
1635 1432.6798
1636 1434.3335
1637 1436.7180
1638 1436.6316
1639 1437.6500
1640 1438.3629
1641 1438.7879
1642 1438.7385
1643 1440.9480
1644 1441.8693
1645 1443.8357
1646 1443.5638
1647 1444.1303
1648 1444.7884
1649 1447.1258
1650 1447.0423
1651 1449.4708
1652 1449.0276
1653 1451.1779
1654 1452.7653
1655 1454.1843
1656 1456.8036
1657 1458.7308
1658 1458.3339
1659 1457.7544
1660 1458.4845
1661 1459.8839
1662 1461.6490
1663 1461.1629
1664 1462.0949
1665 1461.8809
1666 1463.8620
1667 1463.4497
1668 1463.9105
1669 1466.5034
1670 1467.7017
1671 1468.8943
1672 1470.9199
1673 1471.2058
1674 1472.9494
1675 1473.2508
1676 1475.0946
1677 1475.6582
1678 1474.9450
1679 1475.5866
1680 1477.0379
1681 1478.0392
1682 1479.6761
1683 1480.3347
1684 1480.7066
1685 1481.0059
1686 1482.2230
1687 1482.3330
1688 1484.5523
1689 1485.1800
1690 1487.3449
1691 1487.2577
1692 1487.4320
1693 1487.8592
1694 1489.3666
1695 1490.0140
1696 1491.7208
1697 1492.1115
1698 1492.5521
1699 1493.1256
1700 1493.1067
1701 1493.5517
1702 1494.5059
1703 1495.3356
1704 1494.8796
1705 1495.3576
1706 1496.9427
1707 1497.3849
1708 1499.6479
1709 1499.9956
1710 1498.9796
1711 1499.7727
1712 1500.4922
1713 1501.7257
1714 1503.4244
1715 1504.6515
1716 1506.0651
1717 1506.8768
1718 1508.5208
1719 1508.6948
1720 1510.1101
1721 1510.7192
1722 1510.6688
1723 1512.0626
1724 1512.1339
1725 1513.9783
1726 1513.7039
1727 1515.2059
1728 1515.9116
1729 1516.0184
1730 1517.6796
1731 1518.2508
1732 1519.8596
1733 1520.0992
1734 1520.7738
1735 1521.7618
1736 1523.8521
1737 1523.5914
1738 1523.8435
1739 1525.8096
1740 1525.8929
1741 1526.3714
1742 1528.1363
1743 1529.3836
1744 1530.1867
1745 1530.3414
1746 1531.5478
1747 1533.4295
1748 1531.7801
1749 1532.2108
1750 1532.6411
1751 1532.1523
1752 1534.3903
1753 1535.1699
1754 1535.2999
1755 1537.7298
1756 1537.1668
1757 1537.8951
1758 1539.4672
1759 1541.0697
1760 1543.0235
1761 1544.0520
1762 1544.8349
1763 1544.9633
1764 1546.8797
1765 1548.3861
1766 1548.5604
1767 1550.0193
1768 1550.9671
1769 1551.4731
1770 1551.5265
1771 1551.1552
1772 1551.1845
1773 1552.2880
1774 1553.7673
1775 1554.6884
1776 1554.4654
1777 1556.0742
1778 1557.4767
1779 1559.2143
1780 1558.4814
1781 1560.8936
1782 1562.8562
1783 1562.7199
1784 1564.2605
1785 1565.6422
1786 1566.9299
1787 1567.3749
1788 1570.5489
1789 1570.5640
1790 1570.5582
1791 1571.7583
1792 1571.9179
1793 1572.1008
1794 1572.9185
1795 1574.6057
1796 1575.9683
1797 1576.3175
1798 1576.7392
1799 1576.7844
1800 1577.2895
1801 1577.8446
1802 1577.8512
1803 1577.7909
1804 1577.4142
1805 1578.7934
1806 1580.5830
1807 1581.2939
1808 1583.8963
1809 1585.3167
1810 1585.9806
1811 1586.6351
1812 1587.3575
1813 1588.1003
1814 1589.3568
1815 1590.0487
1816 1590.8499
1817 1591.0702
1818 1592.7046
1819 1593.2926
1820 1596.0468
1821 1596.0976
1822 1598.0511
1823 1598.3269
1824 1598.2554
1825 1600.7702
1826 1601.7345
1827 1602.6304
1828 1603.9699
1829 1604.6852
1830 1605.4556
1831 1607.2903
1832 1607.4127
1833 1608.1949
1834 1608.1939
1835 1609.9833
1836 1609.1929
1837 1609.8720
1838 1609.7098
1839 1610.3284
1840 1611.9522
1841 1611.7368
1842 1611.8352
1843 1613.4373
1844 1613.1250
1845 1614.4997
1846 1617.2298
1847 1617.9142
1848 1618.8009
1849 1619.2534
1850 1620.1957
1851 1620.8978
1852 1622.4981
1853 1624.7603
1854 1624.6504
1855 1625.7176
1856 1626.9949
1857 1629.1808
1858 1628.9482
1859 1629.2288
1860 1631.4933
1861 1633.2882
1862 1634.8526
1863 1635.3182
1864 1634.2737
1865 1635.6781
1866 1635.9615
1867 1635.8820
1868 1637.1648
1869 1638.6469
1870 1640.1239
1871 1639.4142
1872 1639.9273
1873 1640.3908
1874 1641.1467
1875 1641.2563
1876 1641.5473
1877 1641.8847
1878 1643.1869
1879 1643.5100
1880 1644.7238
1881 1645.5344
1882 1647.8142
1883 1648.0949
1884 1648.5351
1885 1651.3229
1886 1652.4596
1887 1653.4357
1888 1653.3982
1889 1654.1489
1890 1655.9123
1891 1655.0639
1892 1656.6815
1893 1657.9395
1894 1657.9214
1895 1659.4689
1896 1661.6096
1897 1662.5577
1898 1663.5328
1899 1663.9581
1900 1665.9056
1901 1666.1787
1902 1668.5020
1903 1668.6782
1904 1669.3093
1905 1670.6655
1906 1670.8854
1907 1671.1500
1908 1672.4824
1909 1674.6345
1910 1675.5497
1911 1676.8638
1912 1677.2349
1913 1678.1563
1914 1677.9860
1915 1679.5026
1916 1680.5713
1917 1681.5747
1918 1684.3946
1919 1685.7046
1920 1684.2035
1921 1686.0497
1922 1686.1689
1923 1686.1625
1924 1686.8245
1925 1686.6969
1926 1688.3102
1927 1689.5658
1928 1690.4434
1929 1691.9149
1930 1693.1336
1931 1692.8880
1932 1694.7200
1933 1695.9853
1934 1696.4015
1935 1697.2696
1936 1697.4255
1937 1698.3214
1938 1699.8670
1939 1701.5004
1940 1702.7101
1941 1704.3504
1942 1705.6869
1943 1706.2839
1944 1706.4664
1945 1708.4158
1946 1709.2340
1947 1711.2578
1948 1709.8579
1949 1711.5617
1950 1712.1425
1951 1713.0960
1952 1714.9327
1953 1717.2508
1954 1718.3808
1955 1718.5371
1956 1718.6862
1957 1720.1798
1958 1721.8531
1959 1723.3589
1960 1725.0387
1961 1725.7412
1962 1724.8230
1963 1726.6832
1964 1726.6002
1965 1728.0343
1966 1729.3719
1967 1731.2297
1968 1730.5045
1969 1731.8751
1970 1733.3009
1971 1733.9858
1972 1736.1222
1973 1737.3268
1974 1736.0640
1975 1736.7951
1976 1737.7603
1977 1738.4999
1978 1740.3661
1979 1742.0991
1980 1742.9132
1981 1743.7971
1982 1744.2580
1983 1745.3316
1984 1745.7469
1985 1747.0640
1986 1746.1450
1987 1748.7214
1988 1749.1331
1989 1750.3703
1990 1750.1757
1991 1750.9591
1992 1751.7345
1993 1751.3745
1994 1752.3193
1995 1752.8384
1996 1753.1816
1997 1755.0052
1998 1755.8310
1999 1757.3421
2000 1758.5051
2001 1758.1332
2002 1758.0307
2003 1758.7709
2004 1760.4057
2005 1761.9332
2006 1763.7159
2007 1764.6560
2008 1766.0178
2009 1766.7423
2010 1768.3740
2011 1769.2829
2012 1769.4331
2013 1771.6527
2014 1773.1446
2015 1773.6047
2016 1774.6052
2017 1775.0378
2018 1777.1832
2019 1778.3204
2020 1779.2279
2021 1778.7142
2022 1780.8426
2023 1782.2253
2024 1780.5844
2025 1782.3620
2026 1782.3935
2027 1782.8315
2028 1786.1013
2029 1786.5031
2030 1787.3545
2031 1787.3860
2032 1788.4188
2033 1790.5614
2034 1792.4808
2035 1791.4986
2036 1791.3687
2037 1793.0014
2038 1794.7426
2039 1795.6578
2040 1796.2461
2041 1797.4633
2042 1797.8549
2043 1798.6915
2044 1799.2064
2045 1803.5360
2046 1804.6554
2047 1804.9232
2048 1804.5163
2049 1806.3558
2050 1806.5121
2051 1806.4771
2052 1806.4424
2053 1806.7802
2054 1807.9593
2055 1810.1361
2056 1810.1515
2057 1811.2622
2058 1812.2550
2059 1812.9571
2060 1815.3483
2061 1814.1800
2062 1814.3806
2063 1816.8031
2064 1815.9903
2065 1816.2189
2066 1816.9951
2067 1816.8006
2068 1818.4765
2069 1818.1427
2070 1818.2876
2071 1819.8819
2072 1821.7062
2073 1822.6922
2074 1824.4051
2075 1824.7513
2076 1826.7188
2077 1827.4069
2078 1827.2714
2079 1828.9255
2080 1828.7408
2081 1829.2706
2082 1830.9099
2083 1831.1162
2084 1832.4921
2085 1834.4436
2086 1833.6896
2087 1834.1794
2088 1833.4577
2089 1837.4942
2090 1836.9679
2091 1838.3920
2092 1839.2546
2093 1840.1514
2094 1839.8794
2095 1840.8312
2096 1841.4915
2097 1842.2941
2098 1842.3643
2099 1843.7166
2100 1844.5956
2101 1844.9110
2102 1846.5794
2103 1848.5166
2104 1848.6004
2105 1849.7479
2106 1851.1030
2107 1850.8576
2108 1852.2638
2109 1853.4739
2110 1853.5116
2111 1856.8499
2112 1855.1841
2113 1855.8673
2114 1856.4608
2115 1858.1570
2116 1857.5962
2117 1858.9503
2118 1861.1374
2119 1861.5805
2120 1862.6149
2121 1863.4802
2122 1865.1744
2123 1865.4583
2124 1866.1853
2125 1867.1991
2126 1866.9272
2127 1867.3025
2128 1867.2572
2129 1868.1400
2130 1870.2239
2131 1871.1783
2132 1871.5254
2133 1874.3290
2134 1876.6726
2135 1877.1775
2136 1878.2376
2137 1880.0810
2138 1879.0375
2139 1880.8398
2140 1880.9559
2141 1881.7632
2142 1884.2855
2143 1886.4469
2144 1887.5805
2145 1886.5523
2146 1886.4517
2147 1888.7465
2148 1888.5927
2149 1888.3820
2150 1889.5568
2151 1889.2714
2152 1890.1969
2153 1891.2621
2154 1892.2338
2155 1893.0682
2156 1895.3631
2157 1895.2468
2158 1894.6252
2159 1895.7031
2160 1896.4284
2161 1895.7135
2162 1897.0195
2163 1898.2090
2164 1900.0330
2165 1900.4500
2166 1902.2057
2167 1902.5389
2168 1903.6800
2169 1904.9984
2170 1906.2703
2171 1907.3742
2172 1908.4577
2173 1909.0041
2174 1908.7083
2175 1910.7921
2176 1911.0813
2177 1910.9904
2178 1912.8733
2179 1913.1950
2180 1914.9438
2181 1917.0762
2182 1917.7425
2183 1919.4474
2184 1922.8074
2185 1922.2981
2186 1923.9276
2187 1927.1168
2188 1927.2517
2189 1927.1075
2190 1927.4632
2191 1929.4671
2192 1931.6127
2193 1933.4336
2194 1934.5863
2195 1934.0650
2196 1937.3239
2197 1937.5511
2198 1939.0716
2199 1939.9825
2200 1940.0163
2201 1940.4674
2202 1942.9762
2203 1943.8957
2204 1945.4410
2205 1945.7583
2206 1949.1631
2207 1949.6783
2208 1951.3782
2209 1950.9872
2210 1951.6750
2211 1953.1720
2212 1953.3688
2213 1954.6931
2214 1957.3084
2215 1958.7808
2216 1959.8659
2217 1961.0784
2218 1963.0609
2219 1963.3309
2220 1963.9831
2221 1965.2787
2222 1966.9840
2223 1969.0946
2224 1967.9409
2225 1969.7291
2226 1971.7228
2227 1973.7462
2228 1974.6565
2229 1976.1446
2230 1976.7947
2231 1976.8396
2232 1980.2332
2233 1980.6805
2234 1982.5341
2235 1982.1461
2236 1983.8850
2237 1986.1626
2238 1988.3185
2239 1990.1060
2240 1990.3491
2241 1988.8664
2242 1990.0500
2243 1990.4475
2244 1992.4596
2245 1993.6060
2246 1994.8298
2247 1995.9097
2248 1997.2568
2249 1999.0971
2250 2000.7560
2251 1999.8362
2252 2000.7526
2253 2002.0658
2254 2003.6005
2255 2005.2741
2256 2006.8907
2257 2009.4975
2258 2009.0753
2259 2010.8738
2260 2011.1995
2261 2011.2936
2262 2012.2048
2263 2011.8181
2264 2012.8661
2265 2011.2624
2266 2013.0549
2267 2012.2697
2268 2012.8808
2269 2011.7305
2270 2014.0987
2271 2013.5199
2272 2016.1171
2273 2017.1610
2274 2019.0486
2275 2019.0729
2276 2020.5314
2277 2022.4771
2278 2023.2261
2279 2024.3558
2280 2023.2562
2281 2025.1204
2282 2024.1400
2283 2025.5708
2284 2026.5618
2285 2026.9144
2286 2026.5376
2287 2029.0712
2288 2029.6859
2289 2030.9101
2290 2033.2342
2291 2032.9854
2292 2035.1694
2293 2034.5625
2294 2035.9376
2295 2036.6990
2296 2037.3877
2297 2036.8338
2298 2039.1510
2299 2041.0462
2300 2041.2802
2301 2041.7944
2302 2042.1414
2303 2043.8747
2304 2044.0292
2305 2044.7769
2306 2046.5996
2307 2047.8908
2308 2047.3383
2309 2048.1419
2310 2048.2249
2311 2049.6392
2312 2048.8461
2313 2050.6496
2314 2051.2918
2315 2052.1718
2316 2052.7798
2317 2053.3388
2318 2053.7910
2319 2054.3933
2320 2054.1337
2321 2054.4891
2322 2056.5246
2323 2056.7256
2324 2056.9083
2325 2055.3977
2326 2056.0507
2327 2055.9531
2328 2058.1893
2329 2057.5344
2330 2056.9217
2331 2058.6672
2332 2059.1600
2333 2059.6195
2334 2058.8891
2335 2058.6903
2336 2063.1490
2337 2062.6950
2338 2064.3019
2339 2065.8598
2340 2066.5139
2341 2066.6920
2342 2069.4679
2343 2070.0270
2344 2070.1761
2345 2070.3867
2346 2069.5780
2347 2070.0073
2348 2068.8389
2349 2070.6599
2350 2073.5470
2351 2072.6848
2352 2073.6641
2353 2075.4839
2354 2073.6434
2355 2074.2988
2356 2075.3595
2357 2074.9586
2358 2077.2574
2359 2077.2200
2360 2077.5656
2361 2077.9712
2362 2081.0419
2363 2083.2134
2364 2083.8984
2365 2084.8277
2366 2087.8362
2367 2088.6970
2368 2089.3575
2369 2089.4342
2370 2089.4739
2371 2091.2526
2372 2092.4593
2373 2094.6672
2374 2096.8241
2375 2096.7882
2376 2095.7550
2377 2096.7180
2378 2096.7302
2379 2095.9995
2380 2095.8798
2381 2096.0399
2382 2097.0970
2383 2097.4647
2384 2098.3586
2385 2102.0911
2386 2101.5066
2387 2102.8232
2388 2104.0247
2389 2105.3715
2390 2105.2248
2391 2106.5848
2392 2106.4215
2393 2107.1682
2394 2107.6498
2395 2106.2132
2396 2106.7489
2397 2109.6202
2398 2111.0320
2399 2112.8509
2400 2112.0224
2401 2112.5422
2402 2113.4632
2403 2113.7898
2404 2116.0306
2405 2116.5216
2406 2119.0239
2407 2120.2798
2408 2119.3691
2409 2120.2514
2410 2122.6295
2411 2122.6692
2412 2122.0598
2413 2124.1055
2414 2125.1469
2415 2126.2938
2416 2126.3384
2417 2126.9808
2418 2128.3146
2419 2128.9535
2420 2131.4907
2421 2131.4080
2422 2133.3805
2423 2134.8507
2424 2135.3993
2425 2138.6401
2426 2139.9856
2427 2142.0989
2428 2143.4509
2429 2144.8683
2430 2144.7236
2431 2149.4009
2432 2150.4289
2433 2151.1582
2434 2150.8062
2435 2152.0736
2436 2150.5529
2437 2153.1211
2438 2153.5789
2439 2154.0044
2440 2154.6716
2441 2155.9871
2442 2155.8257
2443 2155.6563
2444 2156.2144
2445 2156.9599
2446 2157.5704
2447 2159.2255
2448 2160.0239
2449 2159.8368
2450 2161.7412
2451 2163.3380
2452 2164.1993
2453 2167.0165
2454 2165.4048
2455 2165.8657
2456 2167.2598
2457 2166.9487
2458 2169.8975
2459 2169.6263
2460 2170.6479
2461 2171.8455
2462 2172.8363
2463 2172.7165
2464 2175.0881
2465 2176.4119
2466 2177.6988
2467 2178.0565
2468 2179.7439
2469 2181.9593
2470 2182.5411
2471 2184.0735
2472 2185.2078
2473 2185.9476
2474 2188.3288
2475 2188.4634
2476 2189.3650
2477 2192.2764
2478 2192.4093
2479 2192.9509
2480 2193.7838
2481 2194.7124
2482 2193.5143
2483 2195.9044
2484 2195.3211
2485 2195.7982
2486 2196.8580
2487 2195.9698
2488 2198.2838
2489 2198.8814
2490 2199.4224
2491 2201.0785
2492 2202.4149
2493 2204.1261
2494 2203.9975
2495 2203.1773
2496 2205.5863
2497 2207.0773
2498 2206.6541
2499 2207.3490
2500 2208.8576
2501 2208.2412
2502 2209.6559
2503 2210.6918
2504 2210.8794
2505 2212.0078
2506 2212.8864
2507 2214.0238
2508 2212.4929
2509 2214.5331
2510 2216.0103
2511 2218.3653
2512 2218.8335
2513 2217.5443
2514 2217.2116
2515 2218.7354
2516 2218.9719
2517 2220.1205
2518 2221.6353
2519 2221.7804
2520 2224.5175
2521 2225.2531
2522 2225.8435
2523 2227.0851
2524 2228.6790
2525 2228.7879
2526 2230.7173
2527 2231.0734
2528 2231.5610
2529 2234.0319
2530 2235.8806
2531 2236.5884
2532 2236.2293
2533 2236.9135
2534 2238.1066
2535 2241.1694
2536 2240.2451
2537 2242.8266
2538 2240.5936
2539 2242.4231
2540 2242.0143
2541 2244.5434
2542 2244.6832
2543 2246.0059
2544 2246.8456
2545 2247.0971
2546 2248.9782
2547 2249.6492
2548 2251.0178
2549 2251.1512
2550 2252.2615
2551 2253.1473
2552 2255.2251
2553 2256.4928
2554 2255.6306
2555 2256.9520
2556 2257.8256
2557 2259.0597
2558 2261.3052
2559 2261.0951
2560 2261.2717
2561 2264.1168
2562 2265.9500
2563 2265.3666
2564 2265.5987
2565 2266.7364
2566 2267.1586
2567 2267.7861
2568 2270.0172
2569 2271.1772
2570 2272.0690
2571 2272.9274
2572 2271.4920
2573 2270.1639
2574 2271.3186
2575 2272.7596
2576 2273.9479
2577 2274.9077
2578 2276.0451
2579 2277.9103
2580 2279.6256
2581 2280.3539
2582 2280.9540
2583 2279.6165
2584 2281.2856
2585 2282.8003
2586 2283.5369
2587 2284.1789
2588 2285.5498
2589 2286.0279
2590 2286.8302
2591 2287.3260
2592 2288.9218
2593 2291.5142
2594 2291.4917
2595 2291.7977
2596 2294.3265
2597 2295.3382
2598 2296.6207
2599 2296.7841
2600 2297.1582
2601 2297.8132
2602 2297.9352
2603 2299.0538
2604 2298.4014
2605 2300.1741
2606 2301.7246
2607 2302.6432
2608 2303.0349
2609 2305.7428
2610 2305.0175
2611 2304.5892
2612 2305.8539
2613 2307.2982
2614 2309.1103
2615 2308.1163
2616 2308.4643
2617 2308.8111
2618 2311.6178
2619 2310.8315
2620 2310.5102
2621 2312.1590
2622 2312.0032
2623 2313.9568
2624 2313.8285
2625 2316.2296
2626 2315.6611
2627 2317.2073
2628 2320.6859
2629 2321.0732
2630 2319.7440
2631 2320.5194
2632 2319.0432
2633 2321.5204
2634 2322.3464
2635 2322.5381
2636 2324.0013
2637 2325.5263
2638 2325.3302
2639 2325.2478
2640 2326.7803
2641 2326.7881
2642 2327.1809
2643 2328.0636
2644 2329.5055
2645 2330.0443
2646 2331.4875
2647 2332.5415
2648 2332.5605
2649 2333.8090
2650 2334.9980
2651 2336.7559
2652 2336.4763
2653 2336.3746
2654 2340.5406
2655 2340.7283
2656 2341.6526
2657 2343.3068
2658 2343.9592
2659 2342.9797
2660 2345.2410
2661 2346.3065
2662 2344.4613
2663 2345.4221
2664 2346.1948
2665 2347.7541
2666 2348.4806
2667 2348.8178
2668 2351.0025
2669 2349.8376
2670 2351.0161
2671 2352.4452
2672 2355.0671
2673 2355.6439
2674 2355.5058
2675 2356.0527
2676 2357.1803
2677 2359.1906
2678 2359.3394
2679 2360.2080
2680 2361.1987
2681 2361.5836
2682 2363.3948
2683 2364.0472
2684 2365.4352
2685 2367.8247
2686 2370.6530
2687 2370.5650
2688 2371.6540
2689 2373.8163
2690 2373.8838
2691 2373.3054
2692 2375.0914
2693 2377.1847
2694 2377.4346
2695 2377.4842
2696 2378.9584
2697 2380.6316
2698 2380.5573
2699 2381.9154
2700 2383.1297
2701 2382.9975
2702 2381.6684
2703 2381.8985
2704 2384.1462
2705 2384.4737
2706 2385.4903
2707 2385.7812
2708 2387.7498
2709 2389.6991
2710 2388.1167
2711 2390.1193
2712 2390.5998
2713 2391.8334
2714 2392.6789
2715 2393.2632
2716 2393.3191
2717 2394.0867
2718 2394.2722
2719 2396.9546
2720 2397.4555
2721 2398.8343
2722 2398.6665
2723 2398.3480
2724 2401.4415
2725 2402.5515
2726 2403.6246
2727 2402.9125
2728 2405.1923
2729 2403.6086
2730 2404.5736
2731 2405.4762
2732 2405.5399
2733 2407.2036
2734 2408.6208
2735 2408.8589
2736 2409.5670
2737 2410.4631
2738 2411.3641
2739 2411.9019
2740 2414.1804
2741 2413.5777
2742 2413.3130
2743 2415.1575
2744 2415.2693
2745 2416.6777
2746 2418.1124
2747 2418.7716
2748 2418.2527
2749 2419.9437
2750 2421.5812
2751 2420.6414
2752 2422.3596
2753 2422.5345
2754 2424.9789
2755 2424.6635
2756 2426.9637
2757 2428.4464
2758 2429.1597
2759 2431.3573
2760 2431.2506
2761 2430.7468
2762 2432.3962
2763 2433.3847
2764 2434.9843
2765 2434.6027
2766 2434.0928
2767 2435.3439
2768 2436.0747
2769 2438.0127
2770 2437.2182
2771 2437.8488
2772 2438.5898
2773 2440.2794
2774 2442.3143
2775 2443.8770
2776 2445.2584
2777 2447.0408
2778 2447.3615
2779 2448.2249
2780 2448.2378
2781 2448.6574
2782 2451.7039
2783 2451.5411
2784 2454.2834
2785 2455.7399
2786 2458.0748
2787 2458.6243
2788 2460.7936
2789 2460.3977
2790 2462.4397
2791 2461.9820
2792 2463.5362
2793 2465.9992
2794 2465.4340
2795 2467.1430
2796 2468.4681
2797 2471.0642
2798 2472.5764
2799 2472.4427
2800 2472.8058
2801 2475.3608
2802 2475.0628
2803 2476.3674
2804 2476.8547
2805 2476.7484
2806 2477.9449
2807 2477.4362
2808 2477.3426
2809 2479.4839
2810 2479.9381
2811 2481.2650
2812 2483.2310
2813 2481.4831
2814 2481.0280
2815 2483.6352
2816 2484.9132
2817 2486.3312
2818 2486.5092
2819 2488.6542
2820 2488.4022
2821 2491.1413
2822 2492.6266
2823 2491.8975
2824 2493.5471
2825 2493.7502
2826 2496.1357
2827 2497.1976
2828 2498.1210
2829 2497.4014
2830 2500.7410
2831 2500.4141
2832 2501.4791
2833 2502.0277
2834 2502.8103
2835 2502.0736
2836 2504.6646
2837 2506.1451
2838 2505.0193
2839 2506.1793
2840 2508.8500
2841 2509.4330
2842 2508.5307
2843 2509.3296
2844 2509.8673
2845 2510.8078
2846 2511.6931
2847 2511.6189
2848 2510.8373
2849 2512.4728
2850 2514.3604
2851 2514.9996
2852 2516.9663
2853 2518.0168
2854 2519.8165
2855 2519.6695
2856 2521.0386
2857 2520.6058
2858 2520.5497
2859 2523.7147
2860 2524.8861
2861 2527.0410
2862 2528.6437
2863 2529.9381
2864 2530.3069
2865 2532.9521
2866 2532.5068
2867 2533.0503
2868 2534.7290
2869 2534.5682
2870 2534.3533
2871 2537.1145
2872 2537.9914
2873 2538.1806
2874 2539.7493
2875 2541.5350
2876 2541.2420
2877 2542.8721
2878 2543.6263
2879 2543.6632
2880 2543.2743
2881 2543.2066
2882 2544.4510
2883 2544.3323
2884 2547.0139
2885 2547.1414
2886 2547.2571
2887 2549.2177
2888 2550.2380
2889 2551.4835
2890 2552.9196
2891 2553.2894
2892 2552.7214
2893 2552.8617
2894 2554.3499
2895 2555.2422
2896 2555.6531
2897 2557.1351
2898 2556.1630
2899 2556.2337
2900 2556.9078
2901 2557.2805
2902 2560.1695
2903 2560.5199
2904 2561.4722
2905 2561.8844
2906 2562.0867
2907 2563.4766
2908 2563.7749
2909 2564.2366
2910 2565.1510
2911 2564.6306
2912 2565.8736
2913 2566.6358
2914 2567.5666
2915 2567.7122
2916 2569.2089
2917 2571.4344
2918 2570.8371
2919 2574.8973
2920 2573.7774
2921 2573.7097
2922 2575.3745
2923 2576.4882
2924 2577.9208
2925 2578.7353
2926 2578.5313
2927 2580.2459
2928 2578.8387
2929 2581.0744
2930 2582.3167
2931 2583.0447
2932 2583.2776
2933 2585.6702
2934 2586.0737
2935 2588.4833
2936 2588.5694
2937 2589.6069
2938 2590.3831
2939 2590.5762
2940 2591.8989
2941 2592.7099
2942 2593.4528
2943 2594.3201
2944 2596.0638
2945 2597.6944
2946 2600.1194
2947 2601.6844
2948 2601.6767
2949 2601.2618
2950 2602.2784
2951 2602.3284
2952 2601.0132
2953 2602.7180
2954 2604.8158
2955 2606.9423
2956 2608.4210
2957 2608.1290
2958 2607.0951
2959 2608.2329
2960 2608.5677
2961 2610.5024
2962 2611.3539
2963 2611.6908
2964 2611.5832
2965 2612.4672
2966 2612.2442
2967 2612.5116
2968 2612.6469
2969 2613.3085
2970 2616.2017
2971 2617.1960
2972 2622.0128
2973 2621.6331
2974 2621.3270
2975 2623.4230
2976 2626.8901
2977 2627.5071
2978 2626.6770
2979 2628.2885
2980 2629.7344
2981 2631.5394
2982 2630.9654
2983 2630.4730
2984 2632.4213
2985 2633.7923
2986 2634.9291
2987 2636.0579
2988 2636.4632
2989 2637.9160
2990 2639.4831
2991 2639.9006
2992 2641.6858
2993 2641.5817
2994 2642.4417
2995 2642.7920
2996 2645.4081
2997 2645.5779
2998 2645.5730
2999 2647.6349
3000 2649.9431
