0 451
1 449
2 459
3 454
4 463
5 458
6 441
7 465
8 447
9 449
10 433
11 443
12 449
13 450
14 448
15 453
16 450
17 482
18 447
19 447
20 451
21 444
22 462
23 482
24 439
25 480
26 466
27 440
28 447
29 444
30 442
31 458
32 445
33 468
34 466
35 449
36 457
37 450
38 468
39 461
40 445
41 446
42 438
43 469
44 437
45 461
46 443
47 458
48 449
49 453
50 450
51 446
52 439
53 456
54 446
55 455
56 460
57 463
58 447
59 427
60 434
61 452
62 452
63 450
64 452
65 464
66 461
67 471
68 464
69 450
70 443
71 443
72 454
73 461
74 447
75 475
76 440
77 430
78 447
79 465
80 443
81 460
82 454
83 468
84 469
85 429
86 462
87 446
88 440
89 463
90 436
91 435
92 460
93 443
94 439
95 435
96 452
97 455
98 444
99 461
100 459
101 446
102 460
103 448
104 468
105 440
106 447
107 462
108 454
109 448
110 432
111 450
112 448
113 452
114 462
115 452
116 465
117 450
118 447
119 443
120 464
121 446
122 449
123 437
124 462
125 449
126 435
127 466
128 460
129 456
130 448
131 467
132 469
133 450
134 458
135 454
136 448
137 444
138 460
139 435
140 445
141 445
142 448
143 455
144 440
145 439
146 456
147 456
148 457
149 445
150 447
151 461
152 452
153 445
154 453
155 466
156 451
157 443
158 438
159 463
160 462
161 432
162 460
163 471
164 476
165 472
166 453
167 466
168 462
169 462
170 459
171 469
172 464
173 472
174 460
175 456
176 449
177 463
178 454
179 434
180 436
181 428
182 451
183 452
184 459
185 447
186 451
187 447
188 431
189 467
190 440
191 452
192 450
193 471
194 456
195 447
196 448
197 456
198 471
199 439
200 448
201 449
202 466
203 478
204 455
205 432
206 470
207 446
208 456
209 455
210 448
211 444
212 430
213 467
214 448
215 452
216 458
217 432
218 446
219 448
220 462
221 451
222 449
223 444
224 454
225 464
226 475
227 433
228 445
229 445
230 457
231 457
232 467
233 447
234 458
235 458
236 475
237 469
238 457
239 457
240 467
241 470
242 459
243 456
244 456
245 460
246 446
247 453
248 459
249 456
250 451
251 449
252 479
253 454
254 446
255 442
256 456
257 449
258 450
259 460
260 448
261 453
262 449
263 453
264 460
265 458
266 442
267 463
268 464
269 462
270 454
271 443
272 448
273 454
274 454
275 426
276 436
277 444
278 450
279 446
280 459
281 476
282 436
283 454
284 429
285 450
286 450
287 458
288 463
289 464
290 477
291 474
292 470
293 451
294 436
295 446
296 458
297 434
298 465
299 470
300 454
301 447
302 451
303 458
304 458
305 440
306 475
307 469
308 438
309 444
310 455
311 446
312 458
313 446
314 444
315 456
316 454
317 454
318 467
319 450
320 440
321 459
322 455
323 446
324 454
325 444
326 464
327 456
328 455
329 455
330 450
331 470
332 448
333 452
334 453
335 441
336 449
337 445
338 444
339 431
340 437
341 453
342 450
343 446
344 442
345 444
346 446
347 443
348 452
349 420
350 436
351 444
352 457
353 455
354 444
355 464
356 437
357 456
358 457
359 448
360 452
361 451
362 429
363 435
364 438
365 431
366 450
367 450
368 457
369 468
370 459
371 449
372 434
373 442
374 443
375 431
376 463
377 449
378 447
379 459
380 439
381 441
382 449
383 432
384 431
385 446
386 447
387 434
388 459
389 452
390 442
391 438
392 449
393 439
394 451
395 467
396 462
397 447
398 452
399 447
400 443
401 477
402 465
403 442
404 441
405 458
406 433
407 445
408 446
409 450
410 440
411 451
412 445
413 438
414 448
415 460
416 452
417 452
418 467
419 452
420 450
421 452
422 455
423 451
424 455
425 452
426 449
427 454
428 456
429 427
430 463
431 442
432 448
433 452
434 452
435 461
436 456
437 437
438 442
439 440
440 445
441 448
442 452
443 459
444 472
445 456
446 437
447 430
448 440
449 453
450 457
451 436
452 460
453 453
454 457
455 461
456 470
457 436
458 461
459 457
460 445
461 464
462 481
463 454
464 458
465 470
466 461
467 451
468 457
469 469
470 458
471 450
472 449
473 444
474 445
475 468
476 438
477 441
478 461
479 447
480 459
481 454
482 465
483 451
484 447
485 444
486 469
487 467
488 463
489 452
490 432
491 452
492 451
493 456
494 468
495 433
496 434
497 450
498 462
499 450
500 452
501 453
502 467
503 451
504 453
505 464
506 426
507 442
508 448
509 443
510 440
511 453
512 432
513 454
514 452
515 447
516 470
517 442
518 438
519 461
520 459
521 436
522 453
523 457
524 438
525 453
526 432
527 452
528 454
529 462
530 456
531 448
532 436
533 443
534 453
535 452
536 437
537 451
538 456
539 440
540 455
541 443
542 454
543 448
544 460
545 456
546 460
547 449
548 437
549 442
550 442
551 455
552 447
553 452
554 448
555 451
556 441
557 434
558 466
559 436
560 440
561 461
562 445
563 443
564 445
565 454
566 466
567 440
568 450
569 429
570 447
571 454
572 460
573 431
574 433
575 453
576 442
577 459
578 449
579 462
580 441
581 444
582 436
583 453
584 461
585 455
586 460
587 442
588 452
589 451
590 440
591 447
592 446
593 457
594 452
595 461
596 450
597 456
598 441
599 452
600 435
601 437
602 451
603 451
604 456
605 438
606 445
607 467
608 437
609 458
610 458
611 461
612 432
613 444
614 454
615 440
616 441
617 454
618 455
619 434
620 454
621 457
622 450
623 453
624 459
625 445
626 449
627 435
628 447
629 436
630 456
631 435
632 452
633 460
634 441
635 459
636 463
637 455
638 452
639 449
640 468
641 449
642 436
643 442
644 466
645 451
646 463
647 456
648 463
649 437
650 469
651 460
652 452
653 462
654 437
655 475
656 445
657 455
658 451
659 453
660 435
661 465
662 460
663 463
664 455
665 447
666 437
667 427
668 458
669 448
670 448
671 464
672 471
673 453
674 454
675 458
676 468
677 468
678 450
679 457
680 453
681 447
682 453
683 449
684 447
685 457
686 456
687 445
688 456
689 429
690 447
691 446
692 451
693 424
694 449
695 430
696 442
697 442
698 456
699 448
700 435
701 467
702 428
703 450
704 443
705 459
706 463
707 452
708 466
709 466
710 452
711 443
712 458
713 464
714 440
715 438
716 466
717 478
718 428
719 453
720 445
721 461
722 450
723 428
724 451
725 448
726 455
727 437
728 451
729 450
730 448
731 443
732 453
733 453
734 461
735 462
736 443
737 468
738 447
739 439
740 441
741 467
742 452
743 444
744 465
745 477
746 442
747 459
748 455
749 433
750 452
751 471
752 468
753 444
754 455
755 425
756 466
757 452
758 448
759 447
760 453
761 454
762 450
763 454
764 467
765 462
766 457
767 452
768 450
769 463
770 472
771 470
772 441
773 456
774 440
775 474
776 437
777 462
778 439
779 433
780 447
781 436
782 446
783 453
784 453
785 444
786 439
787 456
788 462
789 449
790 456
791 437
792 454
793 467
794 443
795 455
796 461
797 454
798 466
799 456
800 454
801 446
802 445
803 452
804 470
805 429
806 466
807 441
808 450
809 451
810 445
811 437
812 454
813 442
814 459
815 449
816 462
817 463
818 462
819 460
820 439
821 457
822 452
823 455
824 438
825 463
826 448
827 449
828 453
829 439
830 439
831 452
832 455
833 457
834 448
835 432
836 430
837 466
838 436
839 436
840 451
841 439
842 437
843 448
844 467
845 437
846 450
847 459
848 436
849 462
850 468
851 440
852 447
853 450
854 430
855 447
856 448
857 446
858 457
859 471
860 454
861 473
862 432
863 438
864 466
865 450
866 450
867 455
868 448
869 451
870 452
871 431
872 456
873 444
874 434
875 444
876 446
877 449
878 465
879 440
880 442
881 435
882 443
883 433
884 434
885 442
886 442
887 435
888 447
889 444
890 457
891 455
892 461
893 457
894 423
895 461
896 456
897 447
898 466
899 453
900 452
901 443
902 452
903 453
904 458
905 460
906 456
907 435
908 441
909 441
910 453
911 463
912 451
913 455
914 442
915 465
916 453
917 442
918 456
919 463
920 460
921 461
922 473
923 468
924 457
925 452
926 454
927 456
928 451
929 455
930 453
931 456
932 448
933 462
934 453
935 447
936 450
937 450
938 461
939 457
940 470
941 472
942 451
943 466
944 448
945 451
946 435
947 454
948 468
949 451
950 458
951 463
952 455
953 442
954 449
955 447
956 457
957 456
958 468
959 454
960 467
961 456
962 432
963 432
964 436
965 438
966 453
967 447
968 458
969 432
970 445
971 451
972 446
973 443
974 436
975 457
976 462
977 478
978 468
979 465
980 432
981 440
982 445
983 446
984 460
985 450
986 455
987 457
988 441
989 455
990 465
991 453
992 460
993 462
994 462
995 454
996 456
997 452
998 469
999 464
1000 437
1001 460
1002 432
1003 462
1004 443
1005 447
1006 450
1007 461
1008 461
1009 445
1010 456
1011 453
1012 438
1013 442
1014 435
1015 446
1016 457
1017 460
1018 466
1019 457
1020 464
1021 447
1022 441
1023 443
1024 454
1025 468
1026 467
1027 440
1028 432
1029 453
1030 455
1031 468
1032 475
1033 455
1034 450
1035 455
1036 441
1037 448
1038 484
1039 443
1040 465
1041 463
1042 447
1043 460
1044 456
1045 448
1046 467
1047 463
1048 450
1049 450
1050 461
1051 440
1052 439
1053 446
1054 449
1055 443
1056 429
1057 448
1058 443
1059 455
1060 442
1061 452
1062 452
1063 457
1064 449
1065 441
1066 451
1067 464
1068 458
1069 462
1070 463
1071 457
1072 456
1073 438
1074 453
1075 457
1076 449
1077 453
1078 470
1079 457
1080 431
1081 452
1082 445
1083 458
1084 435
1085 472
1086 450
1087 469
1088 463
1089 451
1090 449
1091 451
1092 455
1093 457
1094 452
1095 462
1096 453
1097 439
1098 463
1099 455
1100 453
1101 454
1102 434
1103 445
1104 441
1105 436
1106 430
1107 466
1108 453
1109 464
1110 469
1111 447
1112 452
1113 452
1114 443
1115 445
1116 462
1117 454
1118 436
1119 472
1120 450
1121 445
1122 458
1123 446
1124 447
1125 448
1126 429
1127 471
1128 433
1129 443
1130 455
1131 447
1132 469
1133 462
1134 446
1135 435
1136 437
1137 454
1138 443
1139 440
1140 432
1141 439
1142 460
1143 450
1144 454
1145 434
1146 465
1147 445
1148 461
1149 430
1150 444
1151 443
1152 434
1153 452
1154 465
1155 461
1156 455
1157 461
1158 452
1159 459
1160 441
1161 465
1162 455
1163 460
1164 453
1165 448
1166 452
1167 448
1168 450
1169 447
1170 448
1171 434
1172 455
1173 450
1174 467
1175 450
1176 447
1177 456
1178 469
1179 449
1180 455
1181 437
1182 455
1183 453
1184 445
1185 447
1186 452
1187 454
1188 451
1189 449
1190 453
1191 443
1192 463
1193 457
1194 453
1195 442
1196 458
1197 469
1198 464
1199 430
1200 452
1201 450
1202 442
1203 453
1204 468
1205 440
1206 454
1207 461
1208 463
1209 445
1210 417
1211 437
1212 436
1213 443
1214 455
1215 453
1216 458
1217 442
1218 436
1219 440
1220 462
1221 451
1222 444
1223 453
1224 447
1225 434
1226 448
1227 440
1228 466
1229 440
1230 457
1231 451
1232 447
1233 450
1234 428
1235 455
1236 445
1237 458
1238 443
1239 455
1240 444
1241 466
1242 461
1243 455
1244 462
1245 457
1246 437
1247 461
1248 442
1249 444
1250 445
1251 452
1252 456
1253 463
1254 440
1255 450
1256 458
1257 460
1258 456
1259 441
1260 421
1261 444
1262 434
1263 445
1264 440
1265 435
1266 449
1267 425
1268 471
1269 452
1270 456
1271 452
1272 460
1273 455
1274 438
1275 437
1276 467
1277 462
1278 457
1279 451
1280 437
1281 452
1282 452
1283 450
1284 457
1285 437
1286 454
1287 446
1288 434
1289 434
1290 457
1291 430
1292 430
1293 435
1294 452
1295 475
1296 459
1297 446
1298 474
1299 458
1300 462
1301 459
1302 446
1303 439
1304 444
1305 463
1306 451
1307 466
1308 450
1309 449
1310 444
1311 452
1312 449
1313 454
1314 455
1315 439
1316 444
1317 435
1318 452
1319 478
1320 445
1321 470
1322 452
1323 463
1324 465
1325 448
1326 469
1327 447
1328 456
1329 444
1330 448
1331 455
1332 450
1333 447
1334 455
1335 426
1336 430
1337 429
1338 459
1339 455
1340 457
1341 432
1342 435
1343 454
1344 458
1345 448
1346 465
1347 459
1348 443
1349 459
1350 466
1351 457
1352 416
1353 453
1354 447
1355 447
1356 469
1357 444
1358 457
1359 463
1360 460
1361 465
1362 442
1363 444
1364 466
1365 446
1366 417
1367 452
1368 446
1369 432
1370 441
1371 435
1372 456
1373 438
1374 453
1375 450
1376 451
1377 443
1378 462
1379 453
1380 456
1381 438
1382 452
1383 457
1384 433
1385 448
1386 443
1387 464
1388 463
1389 437
1390 464
1391 449
1392 446
1393 426
1394 456
1395 458
1396 444
1397 457
1398 440
1399 451
1400 426
1401 467
1402 463
1403 450
1404 465
1405 469
1406 442
1407 445
1408 463
1409 449
1410 450
1411 474
1412 467
1413 467
1414 456
1415 467
1416 459
1417 479
1418 453
1419 446
1420 438
1421 455
1422 451
1423 456
1424 452
1425 446
1426 466
1427 460
1428 456
1429 441
1430 451
1431 440
1432 454
1433 453
1434 454
1435 444
1436 439
1437 426
1438 448
1439 449
1440 442
1441 452
1442 428
1443 428
1444 449
1445 441
1446 456
1447 442
1448 456
1449 474
1450 429
1451 441
1452 452
1453 452
1454 445
1455 457
1456 460
1457 453
1458 451
1459 456
1460 456
1461 473
1462 455
1463 466
1464 457
1465 443
1466 446
1467 465
1468 463
1469 451
1470 477
1471 454
1472 446
1473 450
1474 449
1475 458
1476 470
1477 448
1478 459
1479 442
1480 455
1481 430
1482 428
1483 458
1484 466
1485 453
1486 453
1487 450
1488 442
1489 470
1490 457
1491 458
1492 447
1493 450
1494 457
1495 459
1496 465
1497 448
1498 442
1499 454
1500 456
1501 437
1502 468
1503 442
1504 435
1505 450
1506 453
1507 455
1508 452
1509 457
1510 443
1511 467
1512 452
1513 439
1514 463
1515 456
1516 460
1517 468
1518 447
1519 447
1520 453
1521 460
1522 448
1523 456
1524 457
1525 460
1526 459
1527 442
1528 442
1529 451
1530 438
1531 431
1532 452
1533 437
1534 443
1535 447
1536 462
1537 437
1538 442
1539 444
1540 465
1541 478
1542 449
1543 455
1544 455
1545 453
1546 467
1547 457
1548 462
1549 460
1550 453
1551 446
1552 454
1553 463
1554 432
1555 441
1556 450
1557 433
1558 447
1559 451
1560 467
1561 440
1562 450
1563 438
1564 449
1565 445
1566 456
1567 452
1568 452
1569 454
1570 441
1571 449
1572 453
1573 443
1574 459
1575 450
1576 461
1577 453
1578 423
1579 444
1580 448
1581 459
1582 441
1583 451
1584 441
1585 465
1586 435
1587 438
1588 458
1589 458
1590 470
1591 454
1592 455
1593 456
1594 454
1595 462
1596 449
1597 452
1598 449
1599 456
1600 455
1601 443
1602 444
1603 447
1604 443
1605 451
1606 444
1607 457
1608 458
1609 461
1610 463
1611 431
1612 459
1613 455
1614 451
1615 432
1616 462
1617 436
1618 469
1619 459
1620 452
1621 451
1622 450
1623 461
1624 435
1625 449
1626 459
1627 468
1628 451
1629 464
1630 439
1631 447
1632 442
1633 431
1634 457
1635 449
1636 436
1637 448
1638 446
1639 449
1640 429
1641 462
1642 468
1643 439
1644 466
1645 463
1646 471
1647 456
1648 455
1649 458
1650 457
1651 446
1652 446
1653 459
1654 451
1655 437
1656 451
1657 447
1658 443
1659 442
1660 447
1661 442
1662 452
1663 450
1664 458
1665 449
1666 464
1667 455
1668 445
1669 427
1670 453
1671 441
1672 452
1673 444
1674 438
1675 468
1676 453
1677 455
1678 479
1679 441
1680 454
1681 454
1682 456
1683 440
1684 452
1685 446
1686 462
1687 459
1688 447
1689 464
1690 459
1691 465
1692 448
1693 450
1694 453
1695 446
1696 453
1697 452
1698 443
1699 460
1700 439
1701 443
1702 442
1703 444
1704 464
1705 434
1706 449
1707 470
1708 473
1709 444
1710 430
1711 441
1712 451
1713 435
1714 464
1715 471
1716 467
1717 453
1718 457
1719 455
1720 433
1721 442
1722 450
1723 467
1724 431
1725 453
1726 459
1727 455
1728 466
1729 437
1730 444
1731 474
1732 452
1733 442
1734 451
1735 459
1736 423
1737 456
1738 442
1739 441
1740 456
1741 449
1742 447
1743 455
1744 448
1745 440
1746 460
1747 449
1748 441
1749 440
1750 441
1751 447
1752 457
1753 461
1754 452
1755 454
1756 462
1757 459
1758 457
1759 445
1760 462
1761 454
1762 450
1763 432
1764 441
1765 446
1766 453
1767 450
1768 457
1769 447
1770 468
1771 448
1772 451
1773 455
1774 457
1775 463
1776 420
1777 449
1778 437
1779 436
1780 448
1781 431
1782 468
1783 447
1784 455
1785 451
1786 463
1787 447
1788 454
1789 448
1790 447
1791 462
1792 450
1793 448
1794 455
1795 431
1796 451
1797 462
1798 450
1799 431
1800 451
1801 455
1802 455
1803 451
1804 448
1805 471
1806 441
1807 446
1808 456
1809 435
1810 463
1811 460
1812 454
1813 465
1814 449
1815 457
1816 446
1817 467
1818 451
1819 437
1820 472
1821 449
1822 438
1823 460
1824 446
1825 449
1826 441
1827 449
1828 442
1829 447
1830 417
1831 443
1832 462
1833 461
1834 462
1835 444
1836 457
1837 433
1838 453
1839 433
1840 443
1841 440
1842 459
1843 427
1844 456
1845 465
1846 443
1847 454
1848 438
1849 452
1850 458
1851 440
1852 469
1853 457
1854 444
1855 463
1856 454
1857 442
1858 454
1859 452
1860 446
1861 466
1862 448
1863 466
1864 461
1865 459
1866 439
1867 462
1868 458
1869 441
1870 461
1871 445
1872 438
1873 451
1874 459
1875 456
1876 457
1877 477
1878 456
1879 465
1880 446
1881 436
1882 465
1883 441
1884 454
1885 451
1886 465
1887 463
1888 457
1889 464
1890 478
1891 435
1892 467
1893 450
1894 444
1895 467
1896 448
1897 465
1898 449
1899 445
1900 437
1901 458
1902 451
1903 457
1904 428
1905 457
1906 452
1907 452
1908 469
1909 449
1910 459
1911 454
1912 447
1913 440
1914 458
1915 452
1916 442
1917 437
1918 455
1919 451
1920 443
1921 477
1922 483
1923 470
1924 466
1925 463
1926 463
1927 433
1928 449
1929 457
1930 440
1931 433
1932 449
1933 460
1934 454
1935 461
1936 457
1937 438
1938 437
1939 459
1940 440
1941 441
1942 471
1943 462
1944 439
1945 430
1946 434
1947 424
1948 452
1949 440
1950 462
1951 462
1952 472
1953 463
1954 436
1955 454
1956 458
1957 447
1958 425
1959 457
1960 450
1961 449
1962 447
1963 442
1964 446
1965 454
1966 444
1967 478
1968 458
1969 455
1970 450
1971 446
1972 449
1973 463
1974 446
1975 437
1976 459
1977 438
1978 450
1979 436
1980 446
1981 450
1982 465
1983 451
1984 462
1985 442
1986 457
1987 457
1988 453
1989 455
1990 443
1991 442
1992 458
1993 443
1994 434
1995 463
1996 441
1997 449
1998 451
1999 441
2000 465
2001 446
2002 470
2003 435
2004 460
2005 449
2006 438
2007 451
2008 441
2009 447
2010 444
2011 446
2012 460
2013 450
2014 470
2015 465
2016 448
2017 434
2018 472
2019 449
2020 436
2021 452
2022 452
2023 454
2024 465
2025 466
2026 455
2027 452
2028 458
2029 467
2030 465
2031 455
2032 463
2033 462
2034 458
2035 466
2036 456
2037 445
2038 457
2039 455
2040 449
2041 445
2042 470
2043 441
2044 451
2045 429
2046 450
2047 455
2048 443
2049 450
2050 448
2051 450
2052 452
2053 460
2054 457
2055 434
2056 437
2057 453
2058 449
2059 452
2060 460
2061 456
2062 420
2063 441
2064 450
2065 451
2066 435
2067 442
2068 430
2069 456
2070 448
2071 433
2072 450
2073 449
2074 469
2075 457
2076 449
2077 456
2078 447
2079 469
2080 445
2081 445
2082 471
2083 457
2084 457
2085 467
2086 440
2087 461
2088 455
2089 421
2090 446
2091 464
2092 455
2093 445
2094 456
2095 456
2096 481
2097 447
2098 457
2099 455
2100 455
2101 464
2102 461
2103 464
2104 463
2105 453
2106 451
2107 422
2108 453
2109 463
2110 461
2111 456
2112 436
2113 433
2114 452
2115 440
2116 454
2117 456
2118 443
2119 430
2120 459
2121 448
2122 469
2123 455
2124 432
2125 461
2126 437
2127 452
2128 444
2129 455
2130 472
2131 456
2132 448
2133 459
2134 445
2135 451
2136 455
2137 459
2138 461
2139 456
2140 448
2141 432
2142 438
2143 449
2144 433
2145 443
2146 445
2147 446
2148 430
2149 445
2150 447
2151 452
2152 453
2153 448
2154 428
2155 428
2156 436
2157 457
2158 464
2159 445
2160 439
2161 442
2162 455
2163 468
2164 466
2165 435
2166 442
2167 466
2168 463
2169 471
2170 450
2171 460
2172 424
2173 446
2174 445
2175 463
2176 452
2177 456
2178 443
2179 461
2180 453
2181 447
2182 445
2183 435
2184 462
2185 456
2186 441
2187 447
2188 445
2189 444
2190 465
2191 438
2192 461
2193 451
2194 467
2195 438
2196 440
2197 455
2198 458
2199 452
2200 458
2201 453
2202 448
2203 449
2204 462
2205 441
2206 437
2207 460
2208 453
2209 451
2210 454
2211 472
2212 479
2213 459
2214 462
2215 447
2216 463
2217 464
2218 461
2219 445
2220 449
2221 447
2222 427
2223 444
2224 461
2225 447
2226 440
2227 459
2228 444
2229 437
2230 413
2231 461
2232 443
2233 433
2234 446
2235 459
2236 441
2237 461
2238 474
2239 432
2240 455
2241 448
2242 448
2243 457
2244 442
2245 448
2246 474
2247 441
2248 459
2249 452
2250 449
2251 450
2252 448
2253 431
2254 456
2255 466
2256 440
2257 458
2258 476
2259 450
2260 445
2261 449
2262 458
2263 459
2264 447
2265 452
2266 455
2267 459
2268 462
2269 461
2270 451
2271 451
2272 474
2273 458
2274 449
2275 449
2276 464
2277 449
2278 434
2279 456
2280 452
2281 462
2282 462
2283 454
2284 440
2285 460
2286 459
2287 448
2288 445
2289 453
2290 441
2291 452
2292 458
2293 435
2294 443
2295 458
2296 448
2297 462
2298 471
2299 442
2300 461
2301 474
2302 450
2303 444
2304 449
2305 444
2306 446
2307 469
2308 428
2309 450
2310 442
2311 450
2312 461
2313 451
2314 450
2315 452
2316 455
2317 470
2318 442
2319 430
2320 446
2321 445
2322 447
2323 462
2324 454
2325 465
2326 449
2327 450
2328 444
2329 433
2330 461
2331 444
2332 454
2333 438
2334 452
2335 470
2336 433
2337 437
2338 456
2339 429
2340 445
2341 455
2342 462
2343 445
2344 455
2345 452
2346 443
2347 434
2348 448
2349 464
2350 448
2351 449
2352 442
2353 447
2354 441
2355 437
2356 453
2357 442
2358 448
2359 453
2360 469
2361 456
2362 462
2363 445
2364 459
2365 450
2366 448
2367 454
2368 453
2369 443
2370 427
2371 448
2372 452
2373 437
2374 444
2375 446
2376 443
2377 458
2378 462
2379 446
2380 438
2381 469
2382 454
2383 453
2384 452
2385 440
2386 444
2387 432
2388 444
2389 447
2390 444
2391 448
2392 458
2393 448
2394 450
2395 438
2396 445
2397 460
2398 453
2399 444
2400 466
2401 475
2402 462
2403 449
2404 462
2405 444
2406 463
2407 449
2408 442
2409 451
2410 476
2411 454
2412 454
2413 460
2414 460
2415 455
2416 467
2417 453
2418 438
2419 447
2420 454
2421 451
2422 456
2423 467
2424 461
2425 472
2426 446
2427 464
2428 469
2429 443
2430 459
2431 453
2432 456
2433 444
2434 468
2435 459
2436 438
2437 449
2438 457
2439 450
2440 457
2441 449
2442 448
2443 448
2444 434
2445 456
2446 453
2447 450
2448 457
2449 451
2450 443
2451 447
2452 478
2453 473
2454 477
2455 460
2456 457
2457 453
2458 453
2459 459
2460 440
2461 443
2462 455
2463 447
2464 451
2465 465
2466 453
2467 444
2468 466
2469 450
2470 471
2471 451
2472 448
2473 446
2474 453
2475 452
2476 457
2477 439
2478 463
2479 466
2480 439
2481 442
2482 435
2483 434
2484 451
2485 448
2486 451
2487 434
2488 466
2489 455
2490 467
2491 445
2492 456
2493 451
2494 444
2495 437
2496 458
2497 454
2498 463
2499 450
2500 428
2501 443
2502 453
2503 443
2504 454
2505 443
2506 434
2507 449
2508 457
2509 456
2510 455
2511 450
2512 451
2513 450
2514 449
2515 450
2516 462
2517 465
2518 464
2519 459
2520 462
2521 463
2522 448
2523 451
2524 468
2525 447
2526 444
2527 456
2528 444
2529 441
2530 452
2531 445
2532 438
2533 462
2534 454
2535 453
2536 451
2537 437
2538 457
2539 449
2540 452
2541 451
2542 470
2543 445
2544 435
2545 448
2546 440
2547 452
2548 443
2549 466
2550 447
2551 437
2552 449
2553 465
2554 449
2555 456
2556 443
2557 438
2558 465
2559 445
2560 434
2561 463
2562 451
2563 424
2564 443
2565 441
2566 424
2567 447
2568 451
2569 453
2570 461
2571 450
2572 451
2573 447
2574 454
2575 460
2576 432
2577 452
2578 460
2579 442
2580 440
2581 463
2582 456
2583 464
2584 439
2585 442
2586 440
2587 464
2588 452
2589 454
2590 465
2591 459
2592 445
2593 456
2594 463
2595 447
2596 434
2597 449
2598 456
2599 472
2600 466
2601 449
2602 442
2603 436
2604 461
2605 450
2606 461
2607 452
2608 464
2609 450
2610 455
2611 450
2612 438
2613 441
2614 462
2615 472
2616 462
2617 438
2618 457
2619 453
2620 438
2621 442
2622 438
2623 453
2624 440
2625 449
2626 440
2627 452
2628 455
2629 444
2630 438
2631 442
2632 456
2633 443
2634 469
2635 446
2636 445
2637 438
2638 457
2639 447
2640 439
2641 457
2642 449
2643 469
2644 463
2645 454
2646 433
2647 436
2648 453
2649 470
2650 457
2651 441
2652 462
2653 464
2654 449
2655 470
2656 457
2657 458
2658 456
2659 465
2660 465
2661 448
2662 450
2663 453
2664 438
2665 430
2666 434
2667 455
2668 467
2669 448
2670 429
2671 453
2672 450
2673 459
2674 442
2675 451
2676 441
2677 448
2678 444
2679 454
2680 443
2681 466
2682 461
2683 455
2684 443
2685 441
2686 470
2687 444
2688 460
2689 458
2690 458
2691 423
2692 451
2693 447
2694 444
2695 448
2696 462
2697 430
2698 445
2699 436
2700 444
2701 444
2702 447
2703 475
2704 455
2705 445
2706 459
2707 445
2708 435
2709 436
2710 453
2711 440
2712 453
2713 444
2714 439
2715 451
2716 434
2717 435
2718 452
2719 457
2720 440
2721 470
2722 449
2723 459
2724 433
2725 456
2726 464
2727 457
2728 449
2729 459
2730 446
2731 467
2732 467
2733 436
2734 471
2735 455
2736 460
2737 457
2738 456
2739 444
2740 435
2741 444
2742 451
2743 444
2744 455
2745 446
2746 438
2747 445
2748 452
2749 463
2750 469
2751 455
2752 450
2753 444
2754 458
2755 445
2756 441
2757 458
2758 446
2759 437
2760 445
2761 441
2762 434
2763 458
2764 444
2765 459
2766 461
2767 431
2768 460
2769 456
2770 446
2771 438
2772 441
2773 444
2774 454
2775 460
2776 469
2777 438
2778 474
2779 452
2780 436
2781 454
2782 433
2783 462
2784 446
2785 442
2786 443
2787 459
2788 453
2789 451
2790 456
2791 454
2792 438
2793 452
2794 434
2795 463
2796 427
2797 431
2798 452
2799 438
2800 452
2801 431
2802 459
2803 446
2804 452
2805 439
2806 446
2807 463
2808 435
2809 446
2810 461
2811 423
2812 455
2813 456
2814 444
2815 451
2816 457
2817 434
2818 438
2819 441
2820 457
2821 442
2822 452
2823 452
2824 448
2825 441
2826 439
2827 455
2828 459
2829 455
2830 450
2831 456
2832 439
2833 460
2834 446
2835 417
2836 448
2837 450
2838 421
2839 446
2840 464
2841 466
2842 437
2843 447
2844 441
2845 456
2846 446
2847 450
2848 448
2849 433
2850 455
2851 454
2852 443
2853 436
2854 455
2855 460
2856 450
2857 449
2858 452
2859 463
2860 453
2861 464
2862 471
2863 463
2864 444
2865 461
2866 447
2867 459
2868 448
2869 447
2870 451
2871 456
2872 445
2873 453
2874 467
2875 452
2876 446
2877 447
2878 429
2879 443
2880 452
2881 446
2882 446
2883 447
2884 453
2885 456
2886 442
2887 477
2888 447
2889 455
2890 449
2891 448
2892 452
2893 437
2894 438
2895 453
2896 448
2897 451
2898 450
2899 452
2900 441
2901 440
2902 446
2903 446
2904 446
2905 453
2906 450
2907 463
2908 448
2909 440
2910 454
2911 456
2912 439
2913 455
2914 452
2915 454
2916 439
2917 464
2918 444
2919 457
2920 461
2921 462
2922 445
2923 450
2924 461
2925 438
2926 450
2927 447
2928 460
2929 458
2930 446
2931 446
2932 470
2933 442
2934 452
2935 435
2936 453
2937 447
2938 457
2939 453
2940 462
2941 456
2942 454
2943 430
2944 450
2945 458
2946 476
2947 456
2948 447
2949 441
2950 453
2951 433
2952 450
2953 442
2954 435
2955 443
2956 457
2957 450
2958 464
2959 467
2960 448
2961 461
2962 450
2963 436
2964 454
2965 448
2966 436
2967 458
2968 462
2969 436
2970 454
2971 450
2972 454
2973 456
2974 422
2975 431
2976 452
2977 442
2978 445
2979 458
2980 442
2981 435
2982 472
2983 454
2984 465
2985 472
2986 462
2987 455
2988 460
2989 444
2990 424
2991 450
2992 449
2993 457
2994 472
2995 449
2996 451
2997 442
2998 462
2999 465
3000 449
0 451
1 449
2 459
3 454
4 463
5 458
6 441
7 465
8 447
9 449
10 433
11 443
12 449
13 450
14 448
15 453
16 450
17 482
18 447
19 447
20 451
21 444
22 462
23 482
24 439
25 480
26 466
27 440
28 447
29 444
30 442
31 458
32 445
33 468
34 466
35 449
36 457
37 450
38 468
39 461
40 445
41 446
42 438
43 469
44 437
45 461
46 443
47 458
48 449
49 453
50 450
51 446
52 439
53 456
54 446
55 455
56 460
57 463
58 447
59 427
60 434
61 452
62 452
63 450
64 452
65 464
66 461
67 471
68 464
69 450
70 443
71 443
72 454
73 461
74 447
75 475
76 440
77 430
78 447
79 465
80 443
81 460
82 454
83 468
84 469
85 429
86 462
87 446
88 440
89 463
90 436
91 435
92 460
93 443
94 439
95 435
96 452
97 455
98 444
99 461
100 459
101 446
102 460
103 448
104 468
105 440
106 447
107 462
108 454
109 448
110 432
111 450
112 448
113 452
114 462
115 452
116 465
117 450
118 447
119 443
120 464
121 446
122 449
123 437
124 462
125 449
126 435
127 466
128 460
129 456
130 448
131 467
132 469
133 450
134 458
135 454
136 448
137 444
138 460
139 435
140 445
141 445
142 448
143 455
144 440
145 439
146 456
147 456
148 457
149 445
150 447
151 461
152 452
153 445
154 453
155 466
156 451
157 443
158 438
159 463
160 462
161 432
162 460
163 471
164 476
165 472
166 453
167 466
168 462
169 462
170 459
171 469
172 464
173 472
174 460
175 456
176 449
177 463
178 454
179 434
180 436
181 428
182 451
183 452
184 459
185 447
186 451
187 447
188 431
189 467
190 440
191 452
192 450
193 471
194 456
195 447
196 448
197 456
198 471
199 439
200 448
201 449
202 466
203 478
204 455
205 432
206 470
207 446
208 456
209 455
210 448
211 444
212 430
213 467
214 448
215 452
216 458
217 432
218 446
219 448
220 462
221 451
222 449
223 444
224 454
225 464
226 475
227 433
228 445
229 445
230 457
231 457
232 467
233 447
234 458
235 458
236 475
237 469
238 457
239 457
240 467
241 470
242 459
243 456
244 456
245 460
246 446
247 453
248 459
249 456
250 451
251 449
252 479
253 454
254 446
255 442
256 456
257 449
258 450
259 460
260 448
261 453
262 449
263 453
264 460
265 458
266 442
267 463
268 464
269 462
270 454
271 443
272 448
273 454
274 454
275 426
276 436
277 444
278 450
279 446
280 459
281 476
282 436
283 454
284 429
285 450
286 450
287 458
288 463
289 464
290 477
291 474
292 470
293 451
294 436
295 446
296 458
297 434
298 465
299 470
300 454
301 447
302 451
303 458
304 458
305 440
306 475
307 469
308 438
309 444
310 455
311 446
312 458
313 446
314 444
315 456
316 454
317 454
318 467
319 450
320 440
321 459
322 455
323 446
324 454
325 444
326 464
327 456
328 455
329 455
330 450
331 470
332 448
333 452
334 453
335 441
336 449
337 445
338 444
339 431
340 437
341 453
342 450
343 446
344 442
345 444
346 446
347 443
348 452
349 420
350 436
351 444
352 457
353 455
354 444
355 464
356 437
357 456
358 457
359 448
360 452
361 451
362 429
363 435
364 438
365 431
366 450
367 450
368 457
369 468
370 459
371 449
372 434
373 442
374 443
375 431
376 463
377 449
378 447
379 459
380 439
381 441
382 449
383 432
384 431
385 446
386 447
387 434
388 459
389 452
390 442
391 438
392 449
393 439
394 451
395 467
396 462
397 447
398 452
399 447
400 443
401 477
402 465
403 442
404 441
405 458
406 433
407 445
408 446
409 450
410 440
411 451
412 445
413 438
414 448
415 460
416 452
417 452
418 467
419 452
420 450
421 452
422 455
423 451
424 455
425 452
426 449
427 454
428 456
429 427
430 463
431 442
432 448
433 452
434 452
435 461
436 456
437 437
438 442
439 440
440 445
441 448
442 452
443 459
444 472
445 456
446 437
447 430
448 440
449 453
450 457
451 436
452 460
453 453
454 457
455 461
456 470
457 436
458 461
459 457
460 445
461 464
462 481
463 454
464 458
465 470
466 461
467 451
468 457
469 469
470 458
471 450
472 449
473 444
474 445
475 468
476 438
477 441
478 461
479 447
480 459
481 454
482 465
483 451
484 447
485 444
486 469
487 467
488 463
489 452
490 432
491 452
492 451
493 456
494 468
495 433
496 434
497 450
498 462
499 450
500 452
501 453
502 467
503 451
504 453
505 464
506 426
507 442
508 448
509 443
510 440
511 453
512 432
513 454
514 452
515 447
516 470
517 442
518 438
519 461
520 459
521 436
522 453
523 457
524 438
525 453
526 432
527 452
528 454
529 462
530 456
531 448
532 436
533 443
534 453
535 452
536 437
537 451
538 456
539 440
540 455
541 443
542 454
543 448
544 460
545 456
546 460
547 449
548 437
549 442
550 442
551 455
552 447
553 452
554 448
555 451
556 441
557 434
558 466
559 436
560 440
561 461
562 445
563 443
564 445
565 454
566 466
567 440
568 450
569 429
570 447
571 454
572 460
573 431
574 433
575 453
576 442
577 459
578 449
579 462
580 441
581 444
582 436
583 453
584 461
585 455
586 460
587 442
588 452
589 451
590 440
591 447
592 446
593 457
594 452
595 461
596 450
597 456
598 441
599 452
600 435
601 437
602 451
603 451
604 456
605 438
606 445
607 467
608 437
609 458
610 458
611 461
612 432
613 444
614 454
615 440
616 441
617 454
618 455
619 434
620 454
621 457
622 450
623 453
624 459
625 445
626 449
627 435
628 447
629 436
630 456
631 435
632 452
633 460
634 441
635 459
636 463
637 455
638 452
639 449
640 468
641 449
642 436
643 442
644 466
645 451
646 463
647 456
648 463
649 437
650 469
651 460
652 452
653 462
654 437
655 475
656 445
657 455
658 451
659 453
660 435
661 465
662 460
663 463
664 455
665 447
666 437
667 427
668 458
669 448
670 448
671 464
672 471
673 453
674 454
675 458
676 468
677 468
678 450
679 457
680 453
681 447
682 453
683 449
684 447
685 457
686 456
687 445
688 456
689 429
690 447
691 446
692 451
693 424
694 449
695 430
696 442
697 442
698 456
699 448
700 435
701 467
702 428
703 450
704 443
705 459
706 463
707 452
708 466
709 466
710 452
711 443
712 458
713 464
714 440
715 438
716 466
717 478
718 428
719 453
720 445
721 461
722 450
723 428
724 451
725 448
726 455
727 437
728 451
729 450
730 448
731 443
732 453
733 453
734 461
735 462
736 443
737 468
738 447
739 439
740 441
741 467
742 452
743 444
744 465
745 477
746 442
747 459
748 455
749 433
750 452
751 471
752 468
753 444
754 455
755 425
756 466
757 452
758 448
759 447
760 453
761 454
762 450
763 454
764 467
765 462
766 457
767 452
768 450
769 463
770 472
771 470
772 441
773 456
774 440
775 474
776 437
777 462
778 439
779 433
780 447
781 436
782 446
783 453
784 453
785 444
786 439
787 456
788 462
789 449
790 456
791 437
792 454
793 467
794 443
795 455
796 461
797 454
798 466
799 456
800 454
801 446
802 445
803 452
804 470
805 429
806 466
807 441
808 450
809 451
810 445
811 437
812 454
813 442
814 459
815 449
816 462
817 463
818 462
819 460
820 439
821 457
822 452
823 455
824 438
825 463
826 448
827 449
828 453
829 439
830 439
831 452
832 455
833 457
834 448
835 432
836 430
837 466
838 436
839 436
840 451
841 439
842 437
843 448
844 467
845 437
846 450
847 459
848 436
849 462
850 468
851 440
852 447
853 450
854 430
855 447
856 448
857 446
858 457
859 471
860 454
861 473
862 432
863 438
864 466
865 450
866 450
867 455
868 448
869 451
870 452
871 431
872 456
873 444
874 434
875 444
876 446
877 449
878 465
879 440
880 442
881 435
882 443
883 433
884 434
885 442
886 442
887 435
888 447
889 444
890 457
891 455
892 461
893 457
894 423
895 461
896 456
897 447
898 466
899 453
900 452
901 443
902 452
903 453
904 458
905 460
906 456
907 435
908 441
909 441
910 453
911 463
912 451
913 455
914 442
915 465
916 453
917 442
918 456
919 463
920 460
921 461
922 473
923 468
924 457
925 452
926 454
927 456
928 451
929 455
930 453
931 456
932 448
933 462
934 453
935 447
936 450
937 450
938 461
939 457
940 470
941 472
942 451
943 466
944 448
945 451
946 435
947 454
948 468
949 451
950 458
951 463
952 455
953 442
954 449
955 447
956 457
957 456
958 468
959 454
960 467
961 456
962 432
963 432
964 436
965 438
966 453
967 447
968 458
969 432
970 445
971 451
972 446
973 443
974 436
975 457
976 462
977 478
978 468
979 465
980 432
981 440
982 445
983 446
984 460
985 450
986 455
987 457
988 441
989 455
990 465
991 453
992 460
993 462
994 462
995 454
996 456
997 452
998 469
999 464
1000 437
1001 460
1002 432
1003 462
1004 443
1005 447
1006 450
1007 461
1008 461
1009 445
1010 456
1011 453
1012 438
1013 442
1014 435
1015 446
1016 457
1017 460
1018 466
1019 457
1020 464
1021 447
1022 441
1023 443
1024 454
1025 468
1026 467
1027 440
1028 432
1029 453
1030 455
1031 468
1032 475
1033 455
1034 450
1035 455
1036 441
1037 448
1038 484
1039 443
1040 465
1041 463
1042 447
1043 460
1044 456
1045 448
1046 467
1047 463
1048 450
1049 450
1050 461
1051 440
1052 439
1053 446
1054 449
1055 443
1056 429
1057 448
1058 443
1059 455
1060 442
1061 452
1062 452
1063 457
1064 449
1065 441
1066 451
1067 464
1068 458
1069 462
1070 463
1071 457
1072 456
1073 438
1074 453
1075 457
1076 449
1077 453
1078 470
1079 457
1080 431
1081 452
1082 445
1083 458
1084 435
1085 472
1086 450
1087 469
1088 463
1089 451
1090 449
1091 451
1092 455
1093 457
1094 452
1095 462
1096 453
1097 439
1098 463
1099 455
1100 453
1101 454
1102 434
1103 445
1104 441
1105 436
1106 430
1107 466
1108 453
1109 464
1110 469
1111 447
1112 452
1113 452
1114 443
1115 445
1116 462
1117 454
1118 436
1119 472
1120 450
1121 445
1122 458
1123 446
1124 447
1125 448
1126 429
1127 471
1128 433
1129 443
1130 455
1131 447
1132 469
1133 462
1134 446
1135 435
1136 437
1137 454
1138 443
1139 440
1140 432
1141 439
1142 460
1143 450
1144 454
1145 434
1146 465
1147 445
1148 461
1149 430
1150 444
1151 443
1152 434
1153 452
1154 465
1155 461
1156 455
1157 461
1158 452
1159 459
1160 441
1161 465
1162 455
1163 460
1164 453
1165 448
1166 452
1167 448
1168 450
1169 447
1170 448
1171 434
1172 455
1173 450
1174 467
1175 450
1176 447
1177 456
1178 469
1179 449
1180 455
1181 437
1182 455
1183 453
1184 445
1185 447
1186 452
1187 454
1188 451
1189 449
1190 453
1191 443
1192 463
1193 457
1194 453
1195 442
1196 458
1197 469
1198 464
1199 430
1200 452
1201 450
1202 442
1203 453
1204 468
1205 440
1206 454
1207 461
1208 463
1209 445
1210 417
1211 437
1212 436
1213 443
1214 455
1215 453
1216 458
1217 442
1218 436
1219 440
1220 462
1221 451
1222 444
1223 453
1224 447
1225 434
1226 448
1227 440
1228 466
1229 440
1230 457
1231 451
1232 447
1233 450
1234 428
1235 455
1236 445
1237 458
1238 443
1239 455
1240 444
1241 466
1242 461
1243 455
1244 462
1245 457
1246 437
1247 461
1248 442
1249 444
1250 445
1251 452
1252 456
1253 463
1254 440
1255 450
1256 458
1257 460
1258 456
1259 441
1260 421
1261 444
1262 434
1263 445
1264 440
1265 435
1266 449
1267 425
1268 471
1269 452
1270 456
1271 452
1272 460
1273 455
1274 438
1275 437
1276 467
1277 462
1278 457
1279 451
1280 437
1281 452
1282 452
1283 450
1284 457
1285 437
1286 454
1287 446
1288 434
1289 434
1290 457
1291 430
1292 430
1293 435
1294 452
1295 475
1296 459
1297 446
1298 474
1299 458
1300 462
1301 459
1302 446
1303 439
1304 444
1305 463
1306 451
1307 466
1308 450
1309 449
1310 444
1311 452
1312 449
1313 454
1314 455
1315 439
1316 444
1317 435
1318 452
1319 478
1320 445
1321 470
1322 452
1323 463
1324 465
1325 448
1326 469
1327 447
1328 456
1329 444
1330 448
1331 455
1332 450
1333 447
1334 455
1335 426
1336 430
1337 429
1338 459
1339 455
1340 457
1341 432
1342 435
1343 454
1344 458
1345 448
1346 465
1347 459
1348 443
1349 459
1350 466
1351 457
1352 416
1353 453
1354 447
1355 447
1356 469
1357 444
1358 457
1359 463
1360 460
1361 465
1362 442
1363 444
1364 466
1365 446
1366 417
1367 452
1368 446
1369 432
1370 441
1371 435
1372 456
1373 438
1374 453
1375 450
1376 451
1377 443
1378 462
1379 453
1380 456
1381 438
1382 452
1383 457
1384 433
1385 448
1386 443
1387 464
1388 463
1389 437
1390 464
1391 449
1392 446
1393 426
1394 456
1395 458
1396 444
1397 457
1398 440
1399 451
1400 426
1401 467
1402 463
1403 450
1404 465
1405 469
1406 442
1407 445
1408 463
1409 449
1410 450
1411 474
1412 467
1413 467
1414 456
1415 467
1416 459
1417 479
1418 453
1419 446
1420 438
1421 455
1422 451
1423 456
1424 452
1425 446
1426 466
1427 460
1428 456
1429 441
1430 451
1431 440
1432 454
1433 453
1434 454
1435 444
1436 439
1437 426
1438 448
1439 449
1440 442
1441 452
1442 428
1443 428
1444 449
1445 441
1446 456
1447 442
1448 456
1449 474
1450 429
1451 441
1452 452
1453 452
1454 445
1455 457
1456 460
1457 453
1458 451
1459 456
1460 456
1461 473
1462 455
1463 466
1464 457
1465 443
1466 446
1467 465
1468 463
1469 451
1470 477
1471 454
1472 446
1473 450
1474 449
1475 458
1476 470
1477 448
1478 459
1479 442
1480 455
1481 430
1482 428
1483 458
1484 466
1485 453
1486 453
1487 450
1488 442
1489 470
1490 457
1491 458
1492 447
1493 450
1494 457
1495 459
1496 465
1497 448
1498 442
1499 454
1500 456
1501 437
1502 468
1503 442
1504 435
1505 450
1506 453
1507 455
1508 452
1509 457
1510 443
1511 467
1512 452
1513 439
1514 463
1515 456
1516 460
1517 468
1518 447
1519 447
1520 453
1521 460
1522 448
1523 456
1524 457
1525 460
1526 459
1527 442
1528 442
1529 451
1530 438
1531 431
1532 452
1533 437
1534 443
1535 447
1536 462
1537 437
1538 442
1539 444
1540 465
1541 478
1542 449
1543 455
1544 455
1545 453
1546 467
1547 457
1548 462
1549 460
1550 453
1551 446
1552 454
1553 463
1554 432
1555 441
1556 450
1557 433
1558 447
1559 451
1560 467
1561 440
1562 450
1563 438
1564 449
1565 445
1566 456
1567 452
1568 452
1569 454
1570 441
1571 449
1572 453
1573 443
1574 459
1575 450
1576 461
1577 453
1578 423
1579 444
1580 448
1581 459
1582 441
1583 451
1584 441
1585 465
1586 435
1587 438
1588 458
1589 458
1590 470
1591 454
1592 455
1593 456
1594 454
1595 462
1596 449
1597 452
1598 449
1599 456
1600 455
1601 443
1602 444
1603 447
1604 443
1605 451
1606 444
1607 457
1608 458
1609 461
1610 463
1611 431
1612 459
1613 455
1614 451
1615 432
1616 462
1617 436
1618 469
1619 459
1620 452
1621 451
1622 450
1623 461
1624 435
1625 449
1626 459
1627 468
1628 451
1629 464
1630 439
1631 447
1632 442
1633 431
1634 457
1635 449
1636 436
1637 448
1638 446
1639 449
1640 429
1641 462
1642 468
1643 439
1644 466
1645 463
1646 471
1647 456
1648 455
1649 458
1650 457
1651 446
1652 446
1653 459
1654 451
1655 437
1656 451
1657 447
1658 443
1659 442
1660 447
1661 442
1662 452
1663 450
1664 458
1665 449
1666 464
1667 455
1668 445
1669 427
1670 453
1671 441
1672 452
1673 444
1674 438
1675 468
1676 453
1677 455
1678 479
1679 441
1680 454
1681 454
1682 456
1683 440
1684 452
1685 446
1686 462
1687 459
1688 447
1689 464
1690 459
1691 465
1692 448
1693 450
1694 453
1695 446
1696 453
1697 452
1698 443
1699 460
1700 439
1701 443
1702 442
1703 444
1704 464
1705 434
1706 449
1707 470
1708 473
1709 444
1710 430
1711 441
1712 451
1713 435
1714 464
1715 471
1716 467
1717 453
1718 457
1719 455
1720 433
1721 442
1722 450
1723 467
1724 431
1725 453
1726 459
1727 455
1728 466
1729 437
1730 444
1731 474
1732 452
1733 442
1734 451
1735 459
1736 423
1737 456
1738 442
1739 441
1740 456
1741 449
1742 447
1743 455
1744 448
1745 440
1746 460
1747 449
1748 441
1749 440
1750 441
1751 447
1752 457
1753 461
1754 452
1755 454
1756 462
1757 459
1758 457
1759 445
1760 462
1761 454
1762 450
1763 432
1764 441
1765 446
1766 453
1767 450
1768 457
1769 447
1770 468
1771 448
1772 451
1773 455
1774 457
1775 463
1776 420
1777 449
1778 437
1779 436
1780 448
1781 431
1782 468
1783 447
1784 455
1785 451
1786 463
1787 447
1788 454
1789 448
1790 447
1791 462
1792 450
1793 448
1794 455
1795 431
1796 451
1797 462
1798 450
1799 431
1800 451
1801 455
1802 455
1803 451
1804 448
1805 471
1806 441
1807 446
1808 456
1809 435
1810 463
1811 460
1812 454
1813 465
1814 449
1815 457
1816 446
1817 467
1818 451
1819 437
1820 472
1821 449
1822 438
1823 460
1824 446
1825 449
1826 441
1827 449
1828 442
1829 447
1830 417
1831 443
1832 462
1833 461
1834 462
1835 444
1836 457
1837 433
1838 453
1839 433
1840 443
1841 440
1842 459
1843 427
1844 456
1845 465
1846 443
1847 454
1848 438
1849 452
1850 458
1851 440
1852 469
1853 457
1854 444
1855 463
1856 454
1857 442
1858 454
1859 452
1860 446
1861 466
1862 448
1863 466
1864 461
1865 459
1866 439
1867 462
1868 458
1869 441
1870 461
1871 445
1872 438
1873 451
1874 459
1875 456
1876 457
1877 477
1878 456
1879 465
1880 446
1881 436
1882 465
1883 441
1884 454
1885 451
1886 465
1887 463
1888 457
1889 464
1890 478
1891 435
1892 467
1893 450
1894 444
1895 467
1896 448
1897 465
1898 449
1899 445
1900 437
1901 458
1902 451
1903 457
1904 428
1905 457
1906 452
1907 452
1908 469
1909 449
1910 459
1911 454
1912 447
1913 440
1914 458
1915 452
1916 442
1917 437
1918 455
1919 451
1920 443
1921 477
1922 483
1923 470
1924 466
1925 463
1926 463
1927 433
1928 449
1929 457
1930 440
1931 433
1932 449
1933 460
1934 454
1935 461
1936 457
1937 438
1938 437
1939 459
1940 440
1941 441
1942 471
1943 462
1944 439
1945 430
1946 434
1947 424
1948 452
1949 440
1950 462
1951 462
1952 472
1953 463
1954 436
1955 454
1956 458
1957 447
1958 425
1959 457
1960 450
1961 449
1962 447
1963 442
1964 446
1965 454
1966 444
1967 478
1968 458
1969 455
1970 450
1971 446
1972 449
1973 463
1974 446
1975 437
1976 459
1977 438
1978 450
1979 436
1980 446
1981 450
1982 465
1983 451
1984 462
1985 442
1986 457
1987 457
1988 453
1989 455
1990 443
1991 442
1992 458
1993 443
1994 434
1995 463
1996 441
1997 449
1998 451
1999 441
2000 465
2001 446
2002 470
2003 435
2004 460
2005 449
2006 438
2007 451
2008 441
2009 447
2010 444
2011 446
2012 460
2013 450
2014 470
2015 465
2016 448
2017 434
2018 472
2019 449
2020 436
2021 452
2022 452
2023 454
2024 465
2025 466
2026 455
2027 452
2028 458
2029 467
2030 465
2031 455
2032 463
2033 462
2034 458
2035 466
2036 456
2037 445
2038 457
2039 455
2040 449
2041 445
2042 470
2043 441
2044 451
2045 429
2046 450
2047 455
2048 443
2049 450
2050 448
2051 450
2052 452
2053 460
2054 457
2055 434
2056 437
2057 453
2058 449
2059 452
2060 460
2061 456
2062 420
2063 441
2064 450
2065 451
2066 435
2067 442
2068 430
2069 456
2070 448
2071 433
2072 450
2073 449
2074 469
2075 457
2076 449
2077 456
2078 447
2079 469
2080 445
2081 445
2082 471
2083 457
2084 457
2085 467
2086 440
2087 461
2088 455
2089 421
2090 446
2091 464
2092 455
2093 445
2094 456
2095 456
2096 481
2097 447
2098 457
2099 455
2100 455
2101 464
2102 461
2103 464
2104 463
2105 453
2106 451
2107 422
2108 453
2109 463
2110 461
2111 456
2112 436
2113 433
2114 452
2115 440
2116 454
2117 456
2118 443
2119 430
2120 459
2121 448
2122 469
2123 455
2124 432
2125 461
2126 437
2127 452
2128 444
2129 455
2130 472
2131 456
2132 448
2133 459
2134 445
2135 451
2136 455
2137 459
2138 461
2139 456
2140 448
2141 432
2142 438
2143 449
2144 433
2145 443
2146 445
2147 446
2148 430
2149 445
2150 447
2151 452
2152 453
2153 448
2154 428
2155 428
2156 436
2157 457
2158 464
2159 445
2160 439
2161 442
2162 455
2163 468
2164 466
2165 435
2166 442
2167 466
2168 463
2169 471
2170 450
2171 460
2172 424
2173 446
2174 445
2175 463
2176 452
2177 456
2178 443
2179 461
2180 453
2181 447
2182 445
2183 435
2184 462
2185 456
2186 441
2187 447
2188 445
2189 444
2190 465
2191 438
2192 461
2193 451
2194 467
2195 438
2196 440
2197 455
2198 458
2199 452
2200 458
2201 453
2202 448
2203 449
2204 462
2205 441
2206 437
2207 460
2208 453
2209 451
2210 454
2211 472
2212 479
2213 459
2214 462
2215 447
2216 463
2217 464
2218 461
2219 445
2220 449
2221 447
2222 427
2223 444
2224 461
2225 447
2226 440
2227 459
2228 444
2229 437
2230 413
2231 461
2232 443
2233 433
2234 446
2235 459
2236 441
2237 461
2238 474
2239 432
2240 455
2241 448
2242 448
2243 457
2244 442
2245 448
2246 474
2247 441
2248 459
2249 452
2250 449
2251 450
2252 448
2253 431
2254 456
2255 466
2256 440
2257 458
2258 476
2259 450
2260 445
2261 449
2262 458
2263 459
2264 447
2265 452
2266 455
2267 459
2268 462
2269 461
2270 451
2271 451
2272 474
2273 458
2274 449
2275 449
2276 464
2277 449
2278 434
2279 456
2280 452
2281 462
2282 462
2283 454
2284 440
2285 460
2286 459
2287 448
2288 445
2289 453
2290 441
2291 452
2292 458
2293 435
2294 443
2295 458
2296 448
2297 462
2298 471
2299 442
2300 461
2301 474
2302 450
2303 444
2304 449
2305 444
2306 446
2307 469
2308 428
2309 450
2310 442
2311 450
2312 461
2313 451
2314 450
2315 452
2316 455
2317 470
2318 442
2319 430
2320 446
2321 445
2322 447
2323 462
2324 454
2325 465
2326 449
2327 450
2328 444
2329 433
2330 461
2331 444
2332 454
2333 438
2334 452
2335 470
2336 433
2337 437
2338 456
2339 429
2340 445
2341 455
2342 462
2343 445
2344 455
2345 452
2346 443
2347 434
2348 448
2349 464
2350 448
2351 449
2352 442
2353 447
2354 441
2355 437
2356 453
2357 442
2358 448
2359 453
2360 469
2361 456
2362 462
2363 445
2364 459
2365 450
2366 448
2367 454
2368 453
2369 443
2370 427
2371 448
2372 452
2373 437
2374 444
2375 446
2376 443
2377 458
2378 462
2379 446
2380 438
2381 469
2382 454
2383 453
2384 452
2385 440
2386 444
2387 432
2388 444
2389 447
2390 444
2391 448
2392 458
2393 448
2394 450
2395 438
2396 445
2397 460
2398 453
2399 444
2400 466
2401 475
2402 462
2403 449
2404 462
2405 444
2406 463
2407 449
2408 442
2409 451
2410 476
2411 454
2412 454
2413 460
2414 460
2415 455
2416 467
2417 453
2418 438
2419 447
2420 454
2421 451
2422 456
2423 467
2424 461
2425 472
2426 446
2427 464
2428 469
2429 443
2430 459
2431 453
2432 456
2433 444
2434 468
2435 459
2436 438
2437 449
2438 457
2439 450
2440 457
2441 449
2442 448
2443 448
2444 434
2445 456
2446 453
2447 450
2448 457
2449 451
2450 443
2451 447
2452 478
2453 473
2454 477
2455 460
2456 457
2457 453
2458 453
2459 459
2460 440
2461 443
2462 455
2463 447
2464 451
2465 465
2466 453
2467 444
2468 466
2469 450
2470 471
2471 451
2472 448
2473 446
2474 453
2475 452
2476 457
2477 439
2478 463
2479 466
2480 439
2481 442
2482 435
2483 434
2484 451
2485 448
2486 451
2487 434
2488 466
2489 455
2490 467
2491 445
2492 456
2493 451
2494 444
2495 437
2496 458
2497 454
2498 463
2499 450
2500 428
2501 443
2502 453
2503 443
2504 454
2505 443
2506 434
2507 449
2508 457
2509 456
2510 455
2511 450
2512 451
2513 450
2514 449
2515 450
2516 462
2517 465
2518 464
2519 459
2520 462
2521 463
2522 448
2523 451
2524 468
2525 447
2526 444
2527 456
2528 444
2529 441
2530 452
2531 445
2532 438
2533 462
2534 454
2535 453
2536 451
2537 437
2538 457
2539 449
2540 452
2541 451
2542 470
2543 445
2544 435
2545 448
2546 440
2547 452
2548 443
2549 466
2550 447
2551 437
2552 449
2553 465
2554 449
2555 456
2556 443
2557 438
2558 465
2559 445
2560 434
2561 463
2562 451
2563 424
2564 443
2565 441
2566 424
2567 447
2568 451
2569 453
2570 461
2571 450
2572 451
2573 447
2574 454
2575 460
2576 432
2577 452
2578 460
2579 442
2580 440
2581 463
2582 456
2583 464
2584 439
2585 442
2586 440
2587 464
2588 452
2589 454
2590 465
2591 459
2592 445
2593 456
2594 463
2595 447
2596 434
2597 449
2598 456
2599 472
2600 466
2601 449
2602 442
2603 436
2604 461
2605 450
2606 461
2607 452
2608 464
2609 450
2610 455
2611 450
2612 438
2613 441
2614 462
2615 472
2616 462
2617 438
2618 457
2619 453
2620 438
2621 442
2622 438
2623 453
2624 440
2625 449
2626 440
2627 452
2628 455
2629 444
2630 438
2631 442
2632 456
2633 443
2634 469
2635 446
2636 445
2637 438
2638 457
2639 447
2640 439
2641 457
2642 449
2643 469
2644 463
2645 454
2646 433
2647 436
2648 453
2649 470
2650 457
2651 441
2652 462
2653 464
2654 449
2655 470
2656 457
2657 458
2658 456
2659 465
2660 465
2661 448
2662 450
2663 453
2664 438
2665 430
2666 434
2667 455
2668 467
2669 448
2670 429
2671 453
2672 450
2673 459
2674 442
2675 451
2676 441
2677 448
2678 444
2679 454
2680 443
2681 466
2682 461
2683 455
2684 443
2685 441
2686 470
2687 444
2688 460
2689 458
2690 458
2691 423
2692 451
2693 447
2694 444
2695 448
2696 462
2697 430
2698 445
2699 436
2700 444
2701 444
2702 447
2703 475
2704 455
2705 445
2706 459
2707 445
2708 435
2709 436
2710 453
2711 440
2712 453
2713 444
2714 439
2715 451
2716 434
2717 435
2718 452
2719 457
2720 440
2721 470
2722 449
2723 459
2724 433
2725 456
2726 464
2727 457
2728 449
2729 459
2730 446
2731 467
2732 467
2733 436
2734 471
2735 455
2736 460
2737 457
2738 456
2739 444
2740 435
2741 444
2742 451
2743 444
2744 455
2745 446
2746 438
2747 445
2748 452
2749 463
2750 469
2751 455
2752 450
2753 444
2754 458
2755 445
2756 441
2757 458
2758 446
2759 437
2760 445
2761 441
2762 434
2763 458
2764 444
2765 459
2766 461
2767 431
2768 460
2769 456
2770 446
2771 438
2772 441
2773 444
2774 454
2775 460
2776 469
2777 438
2778 474
2779 452
2780 436
2781 454
2782 433
2783 462
2784 446
2785 442
2786 443
2787 459
2788 453
2789 451
2790 456
2791 454
2792 438
2793 452
2794 434
2795 463
2796 427
2797 431
2798 452
2799 438
2800 452
2801 431
2802 459
2803 446
2804 452
2805 439
2806 446
2807 463
2808 435
2809 446
2810 461
2811 423
2812 455
2813 456
2814 444
2815 451
2816 457
2817 434
2818 438
2819 441
2820 457
2821 442
2822 452
2823 452
2824 448
2825 441
2826 439
2827 455
2828 459
2829 455
2830 450
2831 456
2832 439
2833 460
2834 446
2835 417
2836 448
2837 450
2838 421
2839 446
2840 464
2841 466
2842 437
2843 447
2844 441
2845 456
2846 446
2847 450
2848 448
2849 433
2850 455
2851 454
2852 443
2853 436
2854 455
2855 460
2856 450
2857 449
2858 452
2859 463
2860 453
2861 464
2862 471
2863 463
2864 444
2865 461
2866 447
2867 459
2868 448
2869 447
2870 451
2871 456
2872 445
2873 453
2874 467
2875 452
2876 446
2877 447
2878 429
2879 443
2880 452
2881 446
2882 446
2883 447
2884 453
2885 456
2886 442
2887 477
2888 447
2889 455
2890 449
2891 448
2892 452
2893 437
2894 438
2895 453
2896 448
2897 451
2898 450
2899 452
2900 441
2901 440
2902 446
2903 446
2904 446
2905 453
2906 450
2907 463
2908 448
2909 440
2910 454
2911 456
2912 439
2913 455
2914 452
2915 454
2916 439
2917 464
2918 444
2919 457
2920 461
2921 462
2922 445
2923 450
2924 461
2925 438
2926 450
2927 447
2928 460
2929 458
2930 446
2931 446
2932 470
2933 442
2934 452
2935 435
2936 453
2937 447
2938 457
2939 453
2940 462
2941 456
2942 454
2943 430
2944 450
2945 458
2946 476
2947 456
2948 447
2949 441
2950 453
2951 433
2952 450
2953 442
2954 435
2955 443
2956 457
2957 450
2958 464
2959 467
2960 448
2961 461
2962 450
2963 436
2964 454
2965 448
2966 436
2967 458
2968 462
2969 436
2970 454
2971 450
2972 454
2973 456
2974 422
2975 431
2976 452
2977 442
2978 445
2979 458
2980 442
2981 435
2982 472
2983 454
2984 465
2985 472
2986 462
2987 455
2988 460
2989 444
2990 424
2991 450
2992 449
2993 457
2994 472
2995 449
2996 451
2997 442
2998 462
2999 465
3000 449
