#time diffusivity 
0 0
1 1.6772
2 2.7199
3 3.6385
4 4.4881
5 5.2757
6 6.1248
7 7.0108
8 7.8100
9 8.5698
10 9.4036
11 10.2776
12 11.0925
13 12.1128
14 12.8127
15 13.8396
16 14.4924
17 15.1801
18 16.1589
19 16.9902
20 17.9194
21 18.7241
22 19.3092
23 20.3913
24 21.2667
25 22.1105
26 22.5864
27 23.6838
28 24.5033
29 25.2226
30 25.8438
31 26.8731
32 27.6252
33 28.2570
34 29.1086
35 29.9901
36 30.4154
37 31.2703
38 31.9867
39 32.7402
40 33.4150
41 34.1744
42 34.8080
43 35.4630
44 36.3855
45 37.4441
46 38.2024
47 39.0133
48 39.6297
49 40.4579
50 41.0646
51 41.6971
52 42.5312
53 43.3209
54 44.0537
55 44.8688
56 45.7531
57 46.6418
58 47.2894
59 48.4730
60 48.8672
61 49.5953
62 50.8307
63 51.1747
64 52.3812
65 53.0725
66 53.9941
67 55.4070
68 56.3447
69 57.0900
70 57.6560
71 58.4075
72 58.9509
73 59.3571
74 60.3935
75 61.2664
76 62.1936
77 62.5115
78 63.3322
79 63.9389
80 65.1192
81 65.3953
82 66.3376
83 67.4576
84 68.6253
85 68.8493
86 69.9585
87 70.3638
88 71.6371
89 72.3831
90 72.9085
91 74.0112
92 75.2485
93 75.8465
94 77.3860
95 77.9766
96 79.0762
97 79.8756
98 80.6891
99 81.3665
100 82.3886
101 82.9273
102 84.0911
103 85.0501
104 86.1325
105 86.5098
106 87.8112
107 88.4698
108 89.5576
109 90.4543
110 90.9091
111 91.5040
112 92.2216
113 93.2681
114 94.3340
115 95.3169
116 96.4982
117 96.8774
118 98.1387
119 98.2370
120 99.3903
121 100.4049
122 100.7130
123 101.2493
124 101.8470
125 102.7481
126 103.4755
127 104.0696
128 105.1545
129 105.9196
130 106.7064
131 107.1597
132 107.6096
133 107.9149
134 109.1011
135 110.1315
136 111.2515
137 112.3711
138 113.2861
139 114.0459
140 114.7277
141 115.3789
142 116.0177
143 116.6563
144 118.1150
145 118.5041
146 118.9867
147 119.5370
148 120.0443
149 120.8647
150 121.9913
151 122.5930
152 123.0148
153 124.1855
154 125.4263
155 125.7966
156 126.8730
157 127.8087
158 128.1475
159 129.4563
160 130.1494
161 132.0756
162 133.0097
163 134.5717
164 135.3962
165 135.8665
166 136.5387
167 137.4082
168 137.8108
169 139.2466
170 140.0696
171 140.9664
172 141.8173
173 142.3246
174 143.4240
175 144.0072
176 144.5825
177 145.4089
178 146.4731
179 147.7936
180 148.5393
181 149.5059
182 149.9389
183 151.0145
184 151.7482
185 152.4247
186 154.3958
187 154.6903
188 154.9285
189 156.4437
190 157.1417
191 158.5610
192 158.7958
193 158.8856
194 159.4879
195 160.3818
196 161.4434
197 162.9290
198 164.1429
199 164.4698
200 165.3026
201 166.1814
202 166.4363
203 166.7782
204 167.5295
205 167.8166
206 168.6410
207 169.7633
208 170.2723
209 171.6001
210 172.2818
211 173.6085
212 174.8688
213 175.5667
214 176.2302
215 177.1363
216 177.2666
217 178.4697
218 179.5517
219 180.8233
220 180.6193
221 181.7378
222 182.3598
223 182.6733
224 183.9627
225 184.7003
226 185.4699
227 186.1630
228 185.9463
229 187.4034
230 187.5719
231 187.9120
232 189.6258
233 190.2035
234 190.6077
235 191.1920
236 192.3599
237 193.7996
238 194.4527
239 195.5015
240 196.4265
241 196.8235
242 197.5432
243 197.8882
244 198.3786
245 199.6235
246 200.2978
247 200.9016
248 201.7081
249 202.9591
250 204.3646
251 205.3404
252 205.1110
253 207.1453
254 207.8551
255 208.8918
256 210.4748
257 211.4895
258 211.8935
259 212.6967
260 213.1841
261 214.2758
262 215.0506
263 216.6701
264 217.3072
265 218.6788
266 219.2161
267 219.7030
268 220.4573
269 220.8935
270 221.1737
271 221.7472
272 221.8473
273 222.7646
274 223.4464
275 224.0728
276 225.5651
277 226.3980
278 227.3764
279 227.6138
280 228.2976
281 228.7679
282 229.6012
283 230.9505
284 231.6901
285 232.5668
286 232.9736
287 233.0950
288 234.0252
289 235.3689
290 236.6136
291 237.5473
292 237.9696
293 238.9819
294 239.8586
295 240.6261
296 241.7642
297 242.0497
298 242.6470
299 242.9725
300 243.8162
301 244.8951
302 245.9461
303 246.8735
304 248.0534
305 248.7762
306 249.8845
307 250.4713
308 250.6763
309 251.0802
310 252.2844
311 252.8532
312 254.7364
313 256.0208
314 256.3362
315 257.2689
316 257.4269
317 258.5407
318 260.3249
319 261.1025
320 261.4480
321 261.9925
322 263.6179
323 265.3158
324 266.1729
325 266.6383
326 267.8223
327 268.5053
328 269.8892
329 270.5914
330 270.5006
331 271.9884
332 272.5497
333 273.0330
334 273.9740
335 274.7687
336 275.8121
337 276.9034
338 277.1396
339 277.7472
340 278.3948
341 278.5268
342 279.5082
343 279.9618
344 280.9075
345 281.7208
346 282.5106
347 282.7545
348 283.7809
349 284.3838
350 285.1319
351 285.3091
352 286.3756
353 287.2746
354 288.3364
355 288.7206
356 289.4960
357 290.4205
358 291.6643
359 292.9348
360 293.4077
361 293.9269
362 295.0232
363 295.6458
364 296.2738
365 297.2168
366 298.1141
367 299.6290
368 300.1125
369 301.1413
370 301.7801
371 301.9507
372 302.7373
373 303.5595
374 304.8293
375 305.0509
376 306.6786
377 306.9323
378 308.2662
379 308.6149
380 309.2161
381 310.0269
382 310.5600
383 310.9404
384 311.3504
385 311.8958
386 312.4798
387 312.6496
388 313.1526
389 313.9319
390 314.8462
391 315.4962
392 316.1415
393 317.1636
394 317.6094
395 318.6439
396 319.1740
397 320.1642
398 319.7351
399 320.4958
400 320.7820
401 321.3438
402 322.2371
403 323.0950
404 322.5732
405 323.5430
406 324.5272
407 325.0810
408 325.5441
409 326.8294
410 326.2037
411 327.5152
412 328.0590
413 329.4080
414 329.9582
415 331.3493
416 332.2299
417 332.7045
418 333.7686
419 334.9408
420 336.2160
421 336.4291
422 337.9331
423 337.8576
424 338.7967
425 339.5505
426 341.0210
427 341.4177
428 342.4121
429 342.8272
430 343.7919
431 344.7066
432 345.4059
433 346.7534
434 346.4322
435 347.5870
436 347.6582
437 348.8494
438 350.3537
439 351.4093
440 352.4450
441 353.7041
442 353.9940
443 355.8228
444 356.3137
445 357.4591
446 359.0095
447 358.7071
448 359.4222
449 361.0208
450 362.3345
451 363.2502
452 364.4567
453 365.4788
454 366.2851
455 368.3794
456 368.4699
457 368.6143
458 369.1867
459 371.3415
460 372.0818
461 373.7261
462 375.2866
463 376.4642
464 376.8399
465 377.1760
466 377.7196
467 378.3993
468 379.2360
469 378.5996
470 378.1328
471 379.8356
472 380.0343
473 381.9441
474 382.2544
475 382.7009
476 383.2800
477 384.2635
478 385.1285
479 386.7385
480 387.7505
481 388.5254
482 389.1074
483 389.8939
484 391.3934
485 392.3326
486 393.0904
487 394.1184
488 394.0958
489 394.7688
490 396.5943
491 397.4195
492 397.7857
493 398.2680
494 399.3408
495 400.6421
496 400.4328
497 401.3377
498 401.8293
499 402.8012
500 403.8592
501 404.1958
502 404.6292
503 405.6523
504 406.3937
505 407.2644
506 407.7770
507 409.2670
508 409.9949
509 410.0596
510 411.0210
511 412.4930
512 413.0690
513 413.7260
514 414.3668
515 414.7436
516 416.3876
517 417.7568
518 418.7881
519 419.1899
520 420.1913
521 421.1439
522 421.6884
523 422.2646
524 423.0124
525 424.2805
526 425.4824
527 426.3126
528 427.0066
529 428.3392
530 428.9517
531 429.1058
532 431.0923
533 430.9942
534 432.2077
535 434.7418
536 435.7688
537 437.5566
538 438.1167
539 438.8012
540 440.2178
541 440.3785
542 441.5893
543 441.0437
544 443.2381
545 444.1661
546 444.3198
547 443.6891
548 443.7344
549 444.4473
550 445.5504
551 447.2574
552 447.1418
553 448.7316
554 449.4034
555 450.8990
556 451.5077
557 452.0933
558 453.1681
559 453.7916
560 455.3400
561 456.6564
562 457.4155
563 458.8119
564 459.7758
565 460.7081
566 461.5133
567 462.5427
568 463.2510
569 463.7517
570 464.7646
571 466.5261
572 466.5340
573 467.8113
574 468.8334
575 470.4591
576 469.9666
577 471.0190
578 471.5574
579 472.7703
580 473.0700
581 473.1306
582 474.4039
583 475.5589
584 477.0333
585 477.5390
586 479.6869
587 480.9533
588 480.2691
589 480.6824
590 482.9242
591 483.5999
592 485.8783
593 486.4443
594 488.8149
595 489.0706
596 489.4181
597 490.4046
598 491.1365
599 492.1029
600 494.0338
601 494.2872
602 494.3498
603 494.4842
604 495.1402
605 496.0569
606 496.6602
607 497.8556
608 499.4448
609 500.0727
610 501.0084
611 502.0074
612 503.1893
613 501.8605
614 502.8255
615 504.8077
616 505.0773
617 506.3216
618 507.5444
619 508.1970
620 508.1630
621 509.7151
622 510.1692
623 509.8941
624 511.4000
625 511.5357
626 512.4236
627 513.6393
628 513.4811
629 514.8653
630 516.4425
631 517.2206
632 519.0273
633 519.3995
634 519.8105
635 520.1162
636 521.8718
637 521.7210
638 523.7973
639 524.2739
640 525.1792
641 526.3513
642 526.6551
643 527.1074
644 527.9189
645 528.8912
646 529.8402
647 531.2452
648 531.7897
649 532.7844
650 533.5742
651 534.7168
652 535.1775
653 535.6418
654 536.6349
655 538.4578
656 538.5420
657 538.5352
658 538.5853
659 539.6118
660 539.9133
661 539.5523
662 540.4158
663 541.6946
664 542.7433
665 544.2367
666 544.8092
667 546.1811
668 547.7109
669 548.9102
670 550.0298
671 551.0444
672 551.8870
673 553.3369
674 553.3226
675 553.1923
676 554.9439
677 555.1616
678 555.6557
679 557.2421
680 558.3314
681 557.8995
682 559.2907
683 561.0355
684 562.3100
685 563.2804
686 562.5228
687 563.4773
688 564.1035
689 564.5014
690 565.0603
691 565.8314
692 566.0992
693 566.8795
694 568.7652
695 569.0065
696 570.6235
697 570.9006
698 571.3078
699 572.5627
700 573.3501
701 575.4850
702 576.4367
703 577.1622
704 577.3456
705 576.8222
706 577.7719
707 579.4601
708 579.7647
709 580.4810
710 581.3469
711 581.1926
712 581.6143
713 582.3787
714 583.6879
715 584.1156
716 584.1037
717 585.5295
718 586.1426
719 587.9429
720 588.2202
721 589.2972
722 590.2771
723 590.4993
724 592.8545
725 592.4546
726 593.9238
727 594.9435
728 595.7398
729 596.7032
730 598.7541
731 598.2835
732 599.7435
733 600.1850
734 600.4496
735 601.6045
736 602.1956
737 602.8359
738 603.0792
739 604.1382
740 604.6171
741 604.8467
742 606.0128
743 607.4359
744 607.2108
745 607.8989
746 609.5702
747 609.6863
748 609.9011
749 611.2932
750 611.9843
751 611.9023
752 613.7091
753 614.3566
754 614.4899
755 614.4579
756 615.5056
757 616.0646
758 618.3526
759 618.3097
760 619.5708
761 619.7496
762 621.1656
763 622.7413
764 623.0033
765 623.6163
766 623.8811
767 625.3224
768 626.4534
769 627.7546
770 627.2580
771 626.7340
772 627.4673
773 627.4220
774 627.7955
775 628.0460
776 628.6927
777 630.4949
778 632.2010
779 632.0753
780 633.2261
781 632.6246
782 633.3400
783 634.0255
784 634.2308
785 635.0512
786 636.0021
787 637.4102
788 638.4609
789 639.1949
790 640.0030
791 640.8450
792 641.6671
793 641.8610
794 642.7428
795 643.3905
796 644.4974
797 643.7397
798 644.0229
799 645.3674
800 645.9458
801 646.8663
802 647.7386
803 648.8385
804 649.1461
805 649.9822
806 650.9893
807 650.8566
808 651.3790
809 652.9603
810 653.6948
811 655.4669
812 655.7707
813 656.9724
814 657.2989
815 658.4452
816 659.6524
817 661.0397
818 661.8478
819 663.9113
820 664.5223
821 664.3377
822 665.3766
823 666.0441
824 667.4206
825 667.2046
826 667.1806
827 667.7577
828 667.9447
829 668.7190
830 669.9565
831 671.7674
832 674.0038
833 675.2385
834 677.2800
835 677.7547
836 677.8681
837 678.8370
838 680.6067
839 679.5367
840 681.8693
841 683.4004
842 682.0196
843 683.3935
844 683.9124
845 684.6142
846 684.9585
847 686.6203
848 688.0464
849 689.4969
850 690.4798
851 691.6052
852 692.7336
853 693.4927
854 693.8023
855 694.9357
856 695.5737
857 696.3514
858 696.5240
859 697.5030
860 698.8149
861 698.3518
862 699.3285
863 700.8062
864 701.6262
865 702.5583
866 703.4480
867 704.3498
868 705.5089
869 706.5792
870 707.7606
871 708.8746
872 709.0400
873 709.9428
874 711.1810
875 712.3254
876 712.3078
877 713.0644
878 714.7274
879 715.9071
880 717.1302
881 717.4545
882 718.9080
883 721.4694
884 722.1836
885 722.8130
886 723.6818
887 724.1028
888 724.3303
889 724.8637
890 726.0062
891 726.8584
892 727.9386
893 728.2585
894 729.1347
895 730.0261
896 730.5682
897 732.2619
898 733.3217
899 733.2163
900 734.3051
901 733.5191
902 734.8985
903 735.2275
904 735.8306
905 736.2305
906 738.4750
907 739.4921
908 740.8879
909 741.3566
910 741.8268
911 742.3117
912 743.8541
913 744.1361
914 745.6914
915 747.2266
916 747.9153
917 748.9842
918 749.4331
919 748.7029
920 750.2890
921 750.5308
922 750.8168
923 752.3494
924 752.9263
925 754.0139
926 754.7775
927 755.5309
928 756.9247
929 757.8910
930 758.2633
931 759.2838
932 761.0293
933 761.8104
934 762.2181
935 763.0779
936 764.7529
937 765.4798
938 766.1989
939 767.0091
940 767.0443
941 767.9930
942 768.7407
943 770.3022
944 770.4595
945 771.3724
946 771.2199
947 772.1661
948 772.7435
949 773.4419
950 774.5220
951 775.1116
952 774.6529
953 775.7337
954 776.2381
955 777.4799
956 779.0308
957 777.9504
958 777.5304
959 779.8643
960 780.0987
961 781.3374
962 782.3473
963 784.1858
964 786.3101
965 786.2154
966 788.3512
967 788.2707
968 790.0965
969 790.8454
970 792.1563
971 792.5041
972 792.9063
973 793.5994
974 794.3709
975 795.6690
976 795.8501
977 796.8929
978 797.3589
979 797.6070
980 798.2298
981 798.0451
982 798.7736
983 799.7627
984 801.2075
985 801.8156
986 801.5542
987 803.6451
988 804.6999
989 806.8420
990 806.1628
991 807.1768
992 809.1061
993 809.6892
994 811.0805
995 811.9816
996 813.5597
997 814.2924
998 815.7472
999 815.9554
1000 816.9613
1001 817.8377
1002 817.8327
1003 818.6099
1004 820.3689
1005 821.8421
1006 822.3282
1007 823.1661
1008 824.3273
1009 823.9355
1010 824.0743
1011 824.9148
1012 826.2632
1013 826.3274
1014 827.6843
1015 829.8207
1016 829.7892
1017 830.5420
1018 830.9014
1019 832.3007
1020 832.9756
1021 833.8988
1022 834.9779
1023 835.0034
1024 835.9902
1025 837.9351
1026 838.9357
1027 839.3685
1028 840.2536
1029 840.3333
1030 841.3111
1031 842.2832
1032 843.8280
1033 845.5971
1034 845.9800
1035 847.0069
1036 847.9254
1037 848.1903
1038 848.0643
1039 849.3119
1040 849.9412
1041 850.8819
1042 851.1400
1043 851.7637
1044 852.4565
1045 854.5124
1046 854.7551
1047 856.0629
1048 857.6364
1049 857.8945
1050 858.6771
1051 859.7720
1052 859.7115
1053 860.5375
1054 861.4873
1055 862.8613
1056 863.3216
1057 864.4585
1058 865.6304
1059 866.3967
1060 867.2369
1061 868.6324
1062 869.3699
1063 870.3221
1064 871.6809
1065 872.4525
1066 873.6988
1067 875.0505
1068 876.5324
1069 876.6834
1070 877.7981
1071 877.6943
1072 879.5189
1073 880.3565
1074 881.9113
1075 881.5579
1076 882.1888
1077 883.1436
1078 883.7319
1079 885.1052
1080 885.2832
1081 885.5053
1082 885.8846
1083 886.5871
1084 888.4715
1085 888.4993
1086 889.9798
1087 892.0310
1088 892.5396
1089 893.5345
1090 894.3462
1091 895.1078
1092 896.0138
1093 896.9620
1094 899.0777
1095 900.1426
1096 900.2640
1097 903.2656
1098 903.0735
1099 903.0612
1100 904.4892
1101 905.8805
1102 907.3676
1103 907.5723
1104 909.5106
1105 908.7271
1106 910.1358
1107 910.9630
1108 911.5498
1109 912.3972
1110 913.4189
1111 913.6266
1112 914.7384
1113 915.9576
1114 916.6106
1115 916.7816
1116 916.5909
1117 917.7268
1118 919.5157
1119 918.2973
1120 919.6460
1121 920.6422
1122 921.9075
1123 923.2625
1124 923.8456
1125 924.2623
1126 924.1545
1127 925.5877
1128 926.7388
1129 927.8996
1130 929.0942
1131 929.7949
1132 930.7484
1133 931.9650
1134 933.0335
1135 933.5341
1136 934.9927
1137 935.8335
1138 937.7629
1139 940.5509
1140 939.4355
1141 939.9321
1142 940.7517
1143 942.6978
1144 943.2270
1145 944.4047
1146 946.1512
1147 947.1745
1148 948.2421
1149 949.2911
1150 948.4801
1151 951.0368
1152 950.2178
1153 950.4751
1154 951.5456
1155 952.0042
1156 952.3507
1157 952.8087
1158 952.3983
1159 954.9434
1160 956.0359
1161 956.8804
1162 955.9167
1163 957.7445
1164 957.8740
1165 958.8046
1166 959.3229
1167 961.1545
1168 961.6556
1169 962.3625
1170 965.0119
1171 964.0863
1172 966.5855
1173 966.2110
1174 968.0290
1175 969.0874
1176 969.4080
1177 970.4796
1178 972.0189
1179 972.8151
1180 974.5047
1181 974.5732
1182 975.2664
1183 976.6092
1184 977.6107
1185 978.2932
1186 981.1172
1187 980.4744
1188 982.2970
1189 982.2493
1190 982.8006
1191 983.5627
1192 982.5891
1193 984.0128
1194 984.6251
1195 984.7883
1196 985.5255
1197 986.5610
1198 987.1081
1199 989.5188
1200 989.1108
1201 990.5895
1202 992.7642
1203 993.5594
1204 994.4094
1205 994.5519
1206 994.9252
1207 996.2043
1208 996.3538
1209 997.6377
1210 999.5134
1211 1000.1647
1212 1002.0469
1213 1001.2084
1214 1000.9593
1215 1002.6342
1216 1003.4145
1217 1003.6948
1218 1003.1709
1219 1003.5486
1220 1003.0417
1221 1005.1325
1222 1006.0502
1223 1007.0396
1224 1008.6396
1225 1008.6272
1226 1009.6620
1227 1010.0708
1228 1012.1523
1229 1012.3279
1230 1013.6964
1231 1014.4603
1232 1013.9625
1233 1016.7942
1234 1017.5548
1235 1018.6254
1236 1018.5715
1237 1018.9879
1238 1019.7933
1239 1021.2440
1240 1021.4362
1241 1022.4935
1242 1022.6261
1243 1024.2150
1244 1024.9661
1245 1026.1717
1246 1027.1797
1247 1029.0103
1248 1029.6727
1249 1030.3031
1250 1030.8142
1251 1032.8263
1252 1032.5062
1253 1031.4404
1254 1033.5619
1255 1034.2985
1256 1036.2377
1257 1038.4572
1258 1038.0524
1259 1040.0244
1260 1041.1833
1261 1042.6676
1262 1043.3881
1263 1044.1078
1264 1044.4022
1265 1045.4381
1266 1046.5349
1267 1046.9421
1268 1047.7720
1269 1047.6187
1270 1048.2274
1271 1049.4178
1272 1050.9521
1273 1051.0957
1274 1052.0344
1275 1052.8843
1276 1054.3098
1277 1056.2263
1278 1056.4018
1279 1058.3978
1280 1059.6219
1281 1060.4496
1282 1061.5375
1283 1061.5162
1284 1062.1640
1285 1062.6752
1286 1062.8977
1287 1063.1397
1288 1064.3986
1289 1066.1235
1290 1066.1653
1291 1068.0621
1292 1068.9284
1293 1070.8171
1294 1072.2573
1295 1073.6817
1296 1074.4130
1297 1074.8774
1298 1075.2018
1299 1075.6499
1300 1076.3154
1301 1076.9428
1302 1077.8413
1303 1078.3921
1304 1079.9482
1305 1079.6767
1306 1081.2912
1307 1082.4058
1308 1084.2469
1309 1085.3791
1310 1085.1164
1311 1086.2493
1312 1087.0947
1313 1087.9246
1314 1088.3518
1315 1088.2599
1316 1089.3451
1317 1090.3599
1318 1091.2476
1319 1094.0775
1320 1095.2979
1321 1096.4470
1322 1097.0909
1323 1097.4414
1324 1099.1353
1325 1098.7097
1326 1101.1087
1327 1101.4992
1328 1102.5457
1329 1103.0268
1330 1103.7500
1331 1104.7799
1332 1106.4211
1333 1107.8396
1334 1107.1367
1335 1109.1302
1336 1108.6527
1337 1109.9421
1338 1109.7541
1339 1111.3986
1340 1111.5866
1341 1112.3480
1342 1113.6119
1343 1114.7303
1344 1116.4591
1345 1117.4735
1346 1117.5018
1347 1117.6420
1348 1117.3905
1349 1117.8579
1350 1118.6912
1351 1119.4722
1352 1119.4313
1353 1119.9653
1354 1120.6266
1355 1121.6176
1356 1122.7008
1357 1124.2535
1358 1123.9597
1359 1125.6582
1360 1125.9491
1361 1126.3581
1362 1126.6844
1363 1127.8912
1364 1129.6550
1365 1130.9616
1366 1131.3638
1367 1132.5015
1368 1133.3466
1369 1134.9506
1370 1135.8462
1371 1137.2984
1372 1138.6291
1373 1139.8100
1374 1139.9286
1375 1141.6953
1376 1141.6912
1377 1142.6988
1378 1144.1476
1379 1145.8469
1380 1146.2563
1381 1146.3214
1382 1146.4684
1383 1148.4020
1384 1149.3356
1385 1149.7194
1386 1148.7721
1387 1150.0153
1388 1150.9381
1389 1152.0009
1390 1151.9949
1391 1152.1336
1392 1153.4115
1393 1153.8571
1394 1155.2366
1395 1154.8311
1396 1155.4211
1397 1155.7072
1398 1156.1012
1399 1156.4935
1400 1158.4681
1401 1158.5573
1402 1158.8611
1403 1160.4990
1404 1161.3831
1405 1163.0251
1406 1163.1957
1407 1163.9644
1408 1165.7986
1409 1166.3671
1410 1165.6231
1411 1167.2643
1412 1167.9181
1413 1167.8686
1414 1167.9900
1415 1168.3002
1416 1170.0000
1417 1171.0642
1418 1171.4397
1419 1173.0853
1420 1173.7499
1421 1174.7034
1422 1175.9599
1423 1177.0958
1424 1178.2306
1425 1180.1663
1426 1180.4997
1427 1181.6943
1428 1181.8489
1429 1182.4073
1430 1182.1390
1431 1184.0454
1432 1184.5757
1433 1184.4892
1434 1185.3883
1435 1187.4216
1436 1189.7049
1437 1189.9935
1438 1191.7528
1439 1193.2809
1440 1194.7355
1441 1194.7805
1442 1196.3101
1443 1198.4400
1444 1198.2761
1445 1199.8957
1446 1199.5822
1447 1201.3170
1448 1200.6967
1449 1201.0571
1450 1202.8162
1451 1203.9967
1452 1205.5543
1453 1205.4304
1454 1206.5216
1455 1206.6727
1456 1207.3439
1457 1209.1202
1458 1210.2318
1459 1211.8910
1460 1213.5156
1461 1214.4758
1462 1215.9499
1463 1216.6681
1464 1217.7925
1465 1218.1739
1466 1219.1201
1467 1220.2764
1468 1221.9369
1469 1222.8736
1470 1222.6518
1471 1223.3968
1472 1226.0207
1473 1227.7812
1474 1229.7302
1475 1231.6433
1476 1231.0320
1477 1232.4346
1478 1234.8069
1479 1234.0181
1480 1235.3118
1481 1236.2027
1482 1236.7193
1483 1237.4500
1484 1238.6448
1485 1239.1354
1486 1239.7117
1487 1240.9384
1488 1239.6288
1489 1240.4637
1490 1243.3205
1491 1243.2580
1492 1245.6844
1493 1247.5931
1494 1248.2415
1495 1248.8893
1496 1250.4524
1497 1249.9767
1498 1250.5453
1499 1251.4680
1500 1253.2876
1501 1255.0165
1502 1255.1803
1503 1255.8178
1504 1256.3172
1505 1258.0557
1506 1258.0100
1507 1258.5218
1508 1258.9774
1509 1259.8320
1510 1259.1455
1511 1258.6519
1512 1261.3721
1513 1261.4168
1514 1262.6888
1515 1264.2477
1516 1265.4517
1517 1265.0213
1518 1265.8910
1519 1267.4675
1520 1268.2533
1521 1268.5761
1522 1270.4253
1523 1271.9146
1524 1273.1320
1525 1275.0936
1526 1276.3467
1527 1275.9149
1528 1276.3386
1529 1277.8849
1530 1277.8215
1531 1278.9236
1532 1281.8179
1533 1282.2471
1534 1281.6675
1535 1282.9908
1536 1283.1677
1537 1285.1095
1538 1286.9885
1539 1287.5899
1540 1287.8737
1541 1289.2244
1542 1289.9333
1543 1291.1499
1544 1290.2868
1545 1291.0582
1546 1291.2917
1547 1291.1054
1548 1292.6008
1549 1293.8866
1550 1295.0455
1551 1294.8012
1552 1294.9426
1553 1297.2308
1554 1296.3830
1555 1298.1139
1556 1296.8782
1557 1299.2142
1558 1298.0405
1559 1299.3822
1560 1299.9616
1561 1299.9201
1562 1300.6415
1563 1303.3684
1564 1303.1684
1565 1305.0580
1566 1305.0941
1567 1304.6233
1568 1306.3219
1569 1308.0569
1570 1307.1752
1571 1307.9503
1572 1308.6545
1573 1308.5554
1574 1308.9212
1575 1310.5085
1576 1311.6711
1577 1311.5134
1578 1312.2562
1579 1315.0094
1580 1315.5490
1581 1316.2036
1582 1317.5060
1583 1317.7767
1584 1318.1570
1585 1318.9002
1586 1320.2353
1587 1320.0630
1588 1321.0768
1589 1320.8203
1590 1321.3671
1591 1322.3376
1592 1321.4363
1593 1323.0415
1594 1324.6953
1595 1323.5935
1596 1325.0187
1597 1325.5421
1598 1326.7778
1599 1326.6337
1600 1328.5520
1601 1328.8967
1602 1329.8773
1603 1331.1000
1604 1332.0054
1605 1334.6191
1606 1333.9264
1607 1333.1482
1608 1336.1483
1609 1337.2676
1610 1338.9303
1611 1339.7760
1612 1341.3604
1613 1342.3464
1614 1343.2727
1615 1342.2399
1616 1342.0392
1617 1344.2498
1618 1344.1647
1619 1345.3841
1620 1345.8308
1621 1347.0147
1622 1348.3145
1623 1347.9477
1624 1348.0015
1625 1349.0528
1626 1348.5520
1627 1348.1554
1628 1349.3285
1629 1350.2028
1630 1349.1845
1631 1349.8199
1632 1351.2888
1633 1352.1754
1634 1354.3726
1635 1352.7500
1636 1354.1817
1637 1354.7553
1638 1355.3903
1639 1356.5868
1640 1357.1186
1641 1357.3520
1642 1358.8833
1643 1360.1860
1644 1360.1898
1645 1360.8149
1646 1362.9848
1647 1363.4083
1648 1364.5556
1649 1365.5943
1650 1366.4053
1651 1367.4535
1652 1367.5916
1653 1369.4572
1654 1371.2436
1655 1371.6266
1656 1371.7963
1657 1372.2820
1658 1373.3983
1659 1373.8861
1660 1374.5933
1661 1375.2179
1662 1376.1863
1663 1376.8464
1664 1376.0100
1665 1377.0901
1666 1376.5470
1667 1379.0513
1668 1379.0427
1669 1380.6041
1670 1380.3914
1671 1381.6218
1672 1382.7422
1673 1383.7967
1674 1385.5940
1675 1385.2893
1676 1387.1237
1677 1388.4684
1678 1387.9850
1679 1388.6571
1680 1388.8926
1681 1389.4402
1682 1390.0461
1683 1391.9121
1684 1392.0776
1685 1393.5409
1686 1394.4482
1687 1394.6867
1688 1395.2212
1689 1395.8612
1690 1396.2838
1691 1398.2665
1692 1399.4762
1693 1400.5462
1694 1400.0529
1695 1401.5480
1696 1401.9430
1697 1403.8053
1698 1403.0184
1699 1406.1615
1700 1406.2995
1701 1407.3208
1702 1407.1423
1703 1408.7863
1704 1408.1831
1705 1409.9779
1706 1409.8224
1707 1409.2709
1708 1410.7582
1709 1409.8248
1710 1411.6574
1711 1410.6579
1712 1412.2742
1713 1414.2543
1714 1413.6855
1715 1415.1043
1716 1416.8053
1717 1417.3127
1718 1417.6277
1719 1419.7848
1720 1420.6547
1721 1421.8678
1722 1421.5744
1723 1422.8318
1724 1421.8097
1725 1425.0592
1726 1426.7828
1727 1426.5930
1728 1428.9979
1729 1430.2007
1730 1432.0977
1731 1432.7281
1732 1433.6739
1733 1433.7645
1734 1435.9437
1735 1436.3644
1736 1438.1030
1737 1439.7879
1738 1440.1009
1739 1440.5584
1740 1441.3049
1741 1443.4633
1742 1443.5092
1743 1444.8314
1744 1443.9721
1745 1444.5004
1746 1445.4650
1747 1446.1673
1748 1445.9488
1749 1446.8061
1750 1447.1307
1751 1448.5367
1752 1448.7296
1753 1449.4283
1754 1449.7493
1755 1450.6149
1756 1451.4842
1757 1453.1137
1758 1453.2373
1759 1453.6616
1760 1454.9638
1761 1457.2477
1762 1458.3220
1763 1459.2964
1764 1461.6403
1765 1463.4122
1766 1464.4955
1767 1464.0236
1768 1463.9627
1769 1463.3621
1770 1464.8338
1771 1464.7342
1772 1465.5832
1773 1468.3784
1774 1469.3723
1775 1468.9964
1776 1470.3044
1777 1469.6877
1778 1471.0621
1779 1471.4432
1780 1472.0785
1781 1471.3900
1782 1472.4360
1783 1473.7295
1784 1474.2800
1785 1474.6677
1786 1475.2082
1787 1475.5541
1788 1476.8187
1789 1478.0100
1790 1479.5831
1791 1480.8786
1792 1482.4293
1793 1482.8220
1794 1484.8809
1795 1485.7347
1796 1486.6374
1797 1487.0542
1798 1486.2567
1799 1487.7607
1800 1487.9225
1801 1488.5415
1802 1489.2365
1803 1489.3107
1804 1488.9681
1805 1490.6576
1806 1491.3817
1807 1491.5264
1808 1493.2198
1809 1494.9256
1810 1494.7171
1811 1496.1804
1812 1495.8126
1813 1497.3290
1814 1497.7806
1815 1499.1444
1816 1499.5965
1817 1500.5325
1818 1501.6649
1819 1502.2921
1820 1503.1037
1821 1504.4933
1822 1505.8180
1823 1506.1181
1824 1507.7793
1825 1508.0402
1826 1508.1374
1827 1509.8317
1828 1510.3788
1829 1511.1414
1830 1512.1227
1831 1513.2106
1832 1513.0090
1833 1513.7970
1834 1513.5494
1835 1515.2084
1836 1516.4341
1837 1515.7885
1838 1517.5562
1839 1518.6154
1840 1518.9130
1841 1519.8012
1842 1521.2527
1843 1523.1774
1844 1523.1010
1845 1525.6825
1846 1526.8180
1847 1527.9129
1848 1527.5782
1849 1529.4591
1850 1529.4162
1851 1530.0791
1852 1531.6652
1853 1533.6591
1854 1534.6003
1855 1535.5533
1856 1537.6203
1857 1538.8442
1858 1538.2607
1859 1539.0782
1860 1540.3225
1861 1541.3880
1862 1539.8672
1863 1541.9211
1864 1541.7681
1865 1542.6583
1866 1543.9101
1867 1543.9973
1868 1543.4990
1869 1544.0005
1870 1543.6319
1871 1544.5711
1872 1546.4132
1873 1547.2763
1874 1546.6802
1875 1548.8286
1876 1549.2898
1877 1550.7049
1878 1550.9058
1879 1551.8218
1880 1554.0027
1881 1553.8238
1882 1554.1455
1883 1554.9642
1884 1556.4738
1885 1557.5724
1886 1558.7275
1887 1559.3409
1888 1560.0527
1889 1559.8296
1890 1562.0700
1891 1562.3911
1892 1561.8860
1893 1562.7610
1894 1563.4948
1895 1563.1980
1896 1562.6191
1897 1563.4859
1898 1565.2910
1899 1565.3803
1900 1566.6954
1901 1568.4898
1902 1567.9345
1903 1569.1525
1904 1568.9924
1905 1569.9747
1906 1570.8889
1907 1571.8070
1908 1571.8748
1909 1571.7858
1910 1572.1230
1911 1572.7041
1912 1573.7992
1913 1574.9364
1914 1575.4191
1915 1577.1049
1916 1575.9120
1917 1575.8481
1918 1577.3587
1919 1578.8310
1920 1578.7013
1921 1580.8795
1922 1580.3247
1923 1581.3886
1924 1582.5850
1925 1583.8345
1926 1582.6018
1927 1583.4083
1928 1583.8866
1929 1585.3375
1930 1585.4052
1931 1585.4064
1932 1587.8890
1933 1587.8691
1934 1589.6985
1935 1590.8138
1936 1591.2961
1937 1591.3207
1938 1592.9333
1939 1595.0231
1940 1596.8954
1941 1597.3867
1942 1598.7917
1943 1597.6169
1944 1597.4875
1945 1600.2215
1946 1599.6341
1947 1601.2951
1948 1603.0144
1949 1603.4180
1950 1605.5708
1951 1605.9788
1952 1607.8110
1953 1608.7195
1954 1608.8691
1955 1608.9401
1956 1611.5805
1957 1611.2341
1958 1610.1134
1959 1613.0569
1960 1612.7902
1961 1614.4909
1962 1617.9142
1963 1617.9627
1964 1618.5165
1965 1619.6818
1966 1620.6706
1967 1620.8510
1968 1621.0262
1969 1622.6027
1970 1622.9774
1971 1625.0227
1972 1624.5666
1973 1627.6589
1974 1629.4664
1975 1628.9337
1976 1629.3191
1977 1630.3645
1978 1631.5628
1979 1631.3680
1980 1631.1609
1981 1632.7490
1982 1635.0122
1983 1634.0887
1984 1636.1473
1985 1636.4876
1986 1637.3823
1987 1639.1723
1988 1640.2652
1989 1640.3680
1990 1640.4111
1991 1641.4892
1992 1641.6990
1993 1643.1903
1994 1643.6695
1995 1644.9665
1996 1646.5772
1997 1647.0631
1998 1648.5051
1999 1648.3183
2000 1648.9187
2001 1650.4616
2002 1651.6491
2003 1652.8237
2004 1653.9868
2005 1654.2792
2006 1656.1450
2007 1656.6524
2008 1657.5269
2009 1658.1095
2010 1658.7547
2011 1658.2921
2012 1658.8744
2013 1658.4754
2014 1659.6387
2015 1661.3270
2016 1661.6368
2017 1662.0207
2018 1663.9148
2019 1664.6666
2020 1666.4926
2021 1666.8743
2022 1668.1523
2023 1669.7733
2024 1670.0760
2025 1670.8446
2026 1670.9411
2027 1671.7128
2028 1672.5094
2029 1674.9880
2030 1674.2520
2031 1675.6627
2032 1677.4214
2033 1677.8074
2034 1681.0761
2035 1681.4785
2036 1682.8781
2037 1683.1974
2038 1683.6959
2039 1684.5726
2040 1685.3057
2041 1685.9922
2042 1686.2894
2043 1687.8176
2044 1688.1127
2045 1690.3454
2046 1689.3940
2047 1690.7308
2048 1691.7030
2049 1692.4786
2050 1693.6646
2051 1695.0253
2052 1696.7524
2053 1697.5262
2054 1699.0822
2055 1699.7722
2056 1700.3005
2057 1702.9412
2058 1702.0252
2059 1702.2377
2060 1705.0987
2061 1707.3294
2062 1707.9184
2063 1709.3031
2064 1710.6399
2065 1710.8379
2066 1712.5296
2067 1713.7878
2068 1713.5078
2069 1713.9316
2070 1714.4670
2071 1715.7211
2072 1717.9751
2073 1718.7750
2074 1719.6283
2075 1720.8758
2076 1720.9329
2077 1722.0920
2078 1722.9880
2079 1723.0612
2080 1722.6479
2081 1725.5619
2082 1726.1715
2083 1725.7165
2084 1726.3729
2085 1726.9116
2086 1726.4267
2087 1728.5971
2088 1729.6880
2089 1731.0971
2090 1734.8229
2091 1735.5105
2092 1735.8423
2093 1737.7477
2094 1737.3245
2095 1736.1498
2096 1738.1239
2097 1737.8550
2098 1740.3860
2099 1739.8243
2100 1740.8029
2101 1741.9384
2102 1743.1842
2103 1743.3586
2104 1744.9237
2105 1745.8853
2106 1747.8630
2107 1747.2291
2108 1748.0297
2109 1748.1459
2110 1748.5086
2111 1749.6667
2112 1750.4891
2113 1752.3599
2114 1752.4055
2115 1753.1557
2116 1754.9094
2117 1756.4973
2118 1757.7747
2119 1758.0411
2120 1758.4087
2121 1759.6849
2122 1760.2778
2123 1760.2054
2124 1760.5254
2125 1760.1530
2126 1761.4496
2127 1762.9983
2128 1762.9376
2129 1763.2322
2130 1765.3724
2131 1768.5968
2132 1768.6906
2133 1768.2442
2134 1769.4943
2135 1771.1897
2136 1770.9188
2137 1773.1935
2138 1772.6962
2139 1774.5759
2140 1773.6221
2141 1775.6166
2142 1776.6578
2143 1777.0627
2144 1777.9360
2145 1778.6263
2146 1778.8754
2147 1778.2647
2148 1780.1538
2149 1782.2713
2150 1783.4300
2151 1783.6338
2152 1785.6058
2153 1786.4312
2154 1786.1365
2155 1786.4865
2156 1787.6994
2157 1788.2781
2158 1789.5719
2159 1789.7101
2160 1791.1005
2161 1790.7320
2162 1792.6584
2163 1792.8306
2164 1793.8524
2165 1794.7674
2166 1795.6804
2167 1796.2227
2168 1800.0088
2169 1799.6076
2170 1800.8632
2171 1802.7488
2172 1802.0460
2173 1802.4207
2174 1803.4006
2175 1803.8040
2176 1804.6463
2177 1806.0332
2178 1805.9136
2179 1807.8262
2180 1807.8065
2181 1808.7017
2182 1807.4673
2183 1807.8597
2184 1808.9433
2185 1811.2004
2186 1812.2880
2187 1812.8086
2188 1812.5444
2189 1812.8921
2190 1813.8616
2191 1814.3473
2192 1816.2529
2193 1815.5658
2194 1816.5060
2195 1817.7941
2196 1817.5078
2197 1817.4306
2198 1818.5590
2199 1820.1841
2200 1823.7317
2201 1824.8206
2202 1826.0229
2203 1825.5829
2204 1826.7812
2205 1828.9462
2206 1826.7557
2207 1827.7717
2208 1829.9725
2209 1832.0615
2210 1831.9766
2211 1833.0806
2212 1833.9609
2213 1835.3206
2214 1835.8460
2215 1837.1555
2216 1839.4445
2217 1839.0417
2218 1838.8966
2219 1838.9917
2220 1839.6135
2221 1840.9259
2222 1842.3262
2223 1840.8158
2224 1841.6740
2225 1841.4465
2226 1844.1632
2227 1844.2784
2228 1843.0861
2229 1842.1588
2230 1843.3146
2231 1842.6662
2232 1843.4236
2233 1844.0637
2234 1845.6900
2235 1848.0299
2236 1848.1754
2237 1850.8319
2238 1850.7420
2239 1850.8180
2240 1851.3127
2241 1852.8451
2242 1852.6377
2243 1853.4524
2244 1855.4983
2245 1856.6109
2246 1858.2268
2247 1857.5047
2248 1857.2223
2249 1858.5565
2250 1858.1022
2251 1858.3979
2252 1859.2527
2253 1860.7304
2254 1860.1996
2255 1861.7477
2256 1862.2187
2257 1862.0566
2258 1864.7462
2259 1863.7075
2260 1864.8710
2261 1864.7465
2262 1866.2785
2263 1868.7152
2264 1871.5406
2265 1872.9052
2266 1873.0189
2267 1873.2869
2268 1874.1255
2269 1874.9389
2270 1878.0166
2271 1878.2358
2272 1878.7561
2273 1879.2432
2274 1880.0746
2275 1882.2254
2276 1882.4860
2277 1884.2659
2278 1882.8660
2279 1885.0651
2280 1885.5313
2281 1886.9236
2282 1886.6617
2283 1887.4977
2284 1887.8626
2285 1887.9750
2286 1889.1155
2287 1889.1569
2288 1891.0968
2289 1892.2434
2290 1894.1364
2291 1894.1288
2292 1894.3866
2293 1896.5718
2294 1897.3877
2295 1898.1227
2296 1898.6937
2297 1899.7625
2298 1899.6939
2299 1900.5870
2300 1900.7995
2301 1900.6723
2302 1901.9822
2303 1902.8105
2304 1903.3258
2305 1904.1270
2306 1904.9240
2307 1907.0801
2308 1907.5359
2309 1909.7894
2310 1910.9537
2311 1913.0173
2312 1912.6465
2313 1915.0464
2314 1915.4377
2315 1917.3823
2316 1917.6353
2317 1917.9351
2318 1919.1537
2319 1919.7505
2320 1921.2033
2321 1921.8958
2322 1921.1160
2323 1921.5023
2324 1921.7559
2325 1924.8197
2326 1925.3315
2327 1924.8825
2328 1926.4718
2329 1927.9847
2330 1929.4458
2331 1928.5700
2332 1928.6394
2333 1930.0936
2334 1931.6585
2335 1933.5662
2336 1934.1203
2337 1934.7778
2338 1933.8327
2339 1936.3732
2340 1937.0791
2341 1939.3570
2342 1940.1539
2343 1940.0638
2344 1940.6841
2345 1942.1928
2346 1942.4453
2347 1943.1803
2348 1944.1229
2349 1942.7330
2350 1943.7873
2351 1944.5183
2352 1944.4907
2353 1945.7983
2354 1947.1882
2355 1948.7551
2356 1948.9017
2357 1951.3370
2358 1950.7690
2359 1952.2675
2360 1954.4736
2361 1955.2571
2362 1955.6520
2363 1956.6070
2364 1957.4621
2365 1959.1319
2366 1961.0694
2367 1962.6548
2368 1963.8568
2369 1965.9412
2370 1965.3500
2371 1967.2921
2372 1967.4082
2373 1967.2644
2374 1968.0343
2375 1969.3808
2376 1969.6301
2377 1969.6562
2378 1972.0069
2379 1972.0917
2380 1970.4950
2381 1971.6154
2382 1971.9157
2383 1971.3364
2384 1972.8415
2385 1975.7577
2386 1973.9597
2387 1976.4645
2388 1975.4114
2389 1974.9327
2390 1977.2789
2391 1979.0905
2392 1979.3661
2393 1979.9615
2394 1981.3955
2395 1982.2146
2396 1984.7649
2397 1984.6625
2398 1986.5276
2399 1986.3705
2400 1989.4884
2401 1990.1424
2402 1992.1130
2403 1993.5839
2404 1995.0995
2405 1994.5841
2406 1995.5812
2407 1995.9267
2408 1996.0332
2409 1996.5174
2410 1997.2666
2411 1999.7023
2412 1999.8919
2413 2000.8303
2414 2001.8109
2415 2002.4456
2416 2001.4869
2417 2001.1072
2418 2001.6857
2419 2003.2071
2420 2002.1549
2421 2001.8169
2422 2002.0003
2423 2002.9688
2424 2004.4568
2425 2005.0901
2426 2005.9546
2427 2008.7256
2428 2008.7595
2429 2009.9117
2430 2010.4078
2431 2011.7979
2432 2012.4554
2433 2014.0811
2434 2014.5984
2435 2014.3160
2436 2014.5923
2437 2015.0618
2438 2016.8393
2439 2017.4244
2440 2020.3867
2441 2022.5912
2442 2024.0274
2443 2026.4189
2444 2027.8283
2445 2027.8424
2446 2029.0507
2447 2030.0343
2448 2029.7345
2449 2030.1601
2450 2031.0761
2451 2032.2280
2452 2033.5986
2453 2034.7895
2454 2035.1435
2455 2035.2423
2456 2035.6500
2457 2035.2871
2458 2036.2514
2459 2035.6752
2460 2038.2383
2461 2037.4236
2462 2038.3738
2463 2040.2695
2464 2039.6302
2465 2040.0046
2466 2041.1680
2467 2040.6608
2468 2043.0983
2469 2044.5395
2470 2044.2836
2471 2044.6421
2472 2045.9223
2473 2046.7588
2474 2048.5966
2475 2049.0987
2476 2049.7132
2477 2050.2890
2478 2049.4146
2479 2050.9795
2480 2052.6752
2481 2053.4001
2482 2055.2978
2483 2057.1406
2484 2057.8769
2485 2058.2745
2486 2058.1377
2487 2058.5017
2488 2059.7974
2489 2059.0040
2490 2060.3592
2491 2061.6668
2492 2062.6368
2493 2062.6436
2494 2065.8146
2495 2065.5293
2496 2066.3840
2497 2066.2083
2498 2065.9699
2499 2068.2635
2500 2068.2884
2501 2068.4509
2502 2069.8671
2503 2071.5621
2504 2072.1988
2505 2072.2454
2506 2071.5272
2507 2072.4361
2508 2074.3315
2509 2075.7616
2510 2078.8721
2511 2080.4688
2512 2081.6102
2513 2084.0539
2514 2084.9831
2515 2086.2232
2516 2088.3921
2517 2088.3985
2518 2090.4186
2519 2090.6905
2520 2090.1079
2521 2090.7302
2522 2090.9933
2523 2092.1349
2524 2091.9764
2525 2092.9161
2526 2094.2133
2527 2094.3737
2528 2093.2303
2529 2096.8128
2530 2096.2783
2531 2097.0077
2532 2099.0560
2533 2098.2808
2534 2100.0442
2535 2099.5019
2536 2098.3064
2537 2100.3755
2538 2100.4574
2539 2101.7638
2540 2102.0267
2541 2100.9436
2542 2103.5083
2543 2103.7072
2544 2103.9431
2545 2104.3294
2546 2106.0287
2547 2107.1744
2548 2108.4267
2549 2109.4368
2550 2110.5676
2551 2111.9096
2552 2113.1114
2553 2114.0791
2554 2114.7315
2555 2115.5233
2556 2116.3313
2557 2118.3316
2558 2119.0893
2559 2119.0409
2560 2119.2791
2561 2120.4997
2562 2120.4176
2563 2121.8956
2564 2122.3174
2565 2125.0709
2566 2127.5638
2567 2128.7976
2568 2130.0410
2569 2130.2166
2570 2129.7118
2571 2131.2832
2572 2130.3860
2573 2130.0978
2574 2131.4189
2575 2131.1309
2576 2133.4019
2577 2134.3412
2578 2135.5896
2579 2134.3579
2580 2136.5760
2581 2136.7585
2582 2137.1584
2583 2137.9256
2584 2139.6249
2585 2140.9418
2586 2142.6422
2587 2141.4928
2588 2143.8210
2589 2144.4815
2590 2143.8188
2591 2144.0778
2592 2146.0405
2593 2145.9830
2594 2147.1232
2595 2147.9199
2596 2148.0254
2597 2150.6080
2598 2150.5916
2599 2151.3406
2600 2152.1397
2601 2152.6343
2602 2150.9453
2603 2150.8624
2604 2151.7788
2605 2153.4187
2606 2152.0683
2607 2153.2413
2608 2153.8493
2609 2154.9426
2610 2156.4346
2611 2157.5989
2612 2157.9291
2613 2159.2078
2614 2158.8417
2615 2159.7750
2616 2161.6413
2617 2162.1949
2618 2162.9388
2619 2164.2162
2620 2164.6629
2621 2166.2839
2622 2166.4936
2623 2167.3927
2624 2168.7501
2625 2168.6101
2626 2168.2530
2627 2167.4987
2628 2169.2349
2629 2170.5614
2630 2170.4079
2631 2170.5206
2632 2172.1365
2633 2172.0499
2634 2173.4481
2635 2173.2121
2636 2174.7751
2637 2174.6550
2638 2175.9270
2639 2178.3849
2640 2179.5982
2641 2179.8041
2642 2179.6882
2643 2182.4841
2644 2182.6422
2645 2181.8821
2646 2182.0392
2647 2183.7180
2648 2184.3330
2649 2185.7156
2650 2186.2686
2651 2186.8648
2652 2185.9553
2653 2186.0042
2654 2186.8005
2655 2187.8039
2656 2188.8231
2657 2189.7686
2658 2190.0738
2659 2191.1288
2660 2192.0629
2661 2193.5054
2662 2195.3160
2663 2196.0677
2664 2196.7520
2665 2196.9375
2666 2196.8831
2667 2196.7797
2668 2197.5025
2669 2198.0414
2670 2199.5394
2671 2199.9363
2672 2200.3014
2673 2200.1893
2674 2200.9535
2675 2203.6701
2676 2204.3674
2677 2204.6133
2678 2206.1349
2679 2207.1440
2680 2209.2228
2681 2210.3179
2682 2211.3493
2683 2212.6080
2684 2215.3172
2685 2215.4053
2686 2215.2761
2687 2215.7841
2688 2217.5880
2689 2217.9647
2690 2218.7155
2691 2220.4084
2692 2220.7085
2693 2221.5252
2694 2222.3368
2695 2224.3123
2696 2224.2218
2697 2224.8449
2698 2226.6055
2699 2228.2916
2700 2230.2192
2701 2230.4074
2702 2231.8964
2703 2233.4509
2704 2233.9795
2705 2235.0037
2706 2234.4041
2707 2236.0422
2708 2235.8811
2709 2237.2885
2710 2236.7213
2711 2237.4253
2712 2238.2321
2713 2238.3840
2714 2238.4569
2715 2238.0555
2716 2238.8699
2717 2239.5440
2718 2241.5700
2719 2243.0780
2720 2243.4290
2721 2243.7918
2722 2245.4606
2723 2245.1990
2724 2244.1100
2725 2245.1513
2726 2247.0811
2727 2246.5936
2728 2247.4229
2729 2248.5361
2730 2248.2227
2731 2249.2079
2732 2250.4913
2733 2251.8895
2734 2251.2030
2735 2252.2270
2736 2254.8564
2737 2255.1540
2738 2256.0138
2739 2255.4565
2740 2255.2385
2741 2256.8935
2742 2257.6220
2743 2259.5985
2744 2260.9720
2745 2260.9682
2746 2260.5449
2747 2260.1116
2748 2260.9600
2749 2262.5410
2750 2263.3057
2751 2264.1649
2752 2264.0325
2753 2264.8281
2754 2264.8259
2755 2265.6519
2756 2266.9739
2757 2267.5418
2758 2268.0681
2759 2268.1895
2760 2269.9978
2761 2270.7139
2762 2270.9906
2763 2272.2512
2764 2271.9640
2765 2273.5136
2766 2275.5134
2767 2275.5158
2768 2275.8776
2769 2276.1721
2770 2277.7667
2771 2277.7984
2772 2278.8138
2773 2278.6035
2774 2279.6348
2775 2282.7761
2776 2282.6429
2777 2283.9106
2778 2285.5376
2779 2287.3874
2780 2288.2115
2781 2288.5555
2782 2289.3016
2783 2288.0121
2784 2291.4169
2785 2291.1464
2786 2290.8075
2787 2290.8454
2788 2292.5652
2789 2292.7534
2790 2293.7547
2791 2294.5656
2792 2297.3124
2793 2297.3766
2794 2297.3204
2795 2298.4608
2796 2298.5581
2797 2299.0834
2798 2300.2099
2799 2299.9659
2800 2300.7172
2801 2301.3408
2802 2301.6128
2803 2302.9548
2804 2303.0685
2805 2303.8924
2806 2303.7356
2807 2305.2013
2808 2304.7439
2809 2305.2014
2810 2306.3317
2811 2307.2157
2812 2309.8583
2813 2310.6849
2814 2311.3877
2815 2312.3185
2816 2312.9637
2817 2314.2985
2818 2315.4022
2819 2317.7096
2820 2316.9932
2821 2317.5522
2822 2318.8218
2823 2319.1292
2824 2318.3156
2825 2321.2426
2826 2322.9792
2827 2323.9307
2828 2323.8962
2829 2324.9919
2830 2325.0756
2831 2325.4971
2832 2326.6540
2833 2327.6144
2834 2328.5014
2835 2329.1710
2836 2329.6278
2837 2329.5929
2838 2329.7194
2839 2332.1749
2840 2332.2839
2841 2333.4707
2842 2334.0807
2843 2334.5929
2844 2335.8466
2845 2334.7057
2846 2336.3263
2847 2337.4862
2848 2339.7323
2849 2340.8190
2850 2341.5312
2851 2342.4511
2852 2344.2967
2853 2346.1040
2854 2347.9996
2855 2349.7635
2856 2349.8421
2857 2351.6135
2858 2352.6031
2859 2353.3665
2860 2355.2385
2861 2357.1607
2862 2356.9110
2863 2357.7483
2864 2356.3556
2865 2358.1236
2866 2358.5690
2867 2358.8851
2868 2360.2475
2869 2361.9903
2870 2361.9498
2871 2361.9978
2872 2364.0608
2873 2365.0070
2874 2364.5770
2875 2364.5621
2876 2365.7353
2877 2366.8856
2878 2367.9906
2879 2368.8617
2880 2367.8363
2881 2369.2117
2882 2370.3092
2883 2371.1698
2884 2370.1304
2885 2371.9037
2886 2371.2488
2887 2373.0663
2888 2374.4571
2889 2373.3739
2890 2372.0605
2891 2373.5772
2892 2374.1019
2893 2375.6915
2894 2377.5181
2895 2376.6320
2896 2380.0459
2897 2380.3199
2898 2380.9476
2899 2382.7241
2900 2385.4128
2901 2387.0855
2902 2387.8215
2903 2389.0114
2904 2389.9986
2905 2391.8334
2906 2391.6165
2907 2393.0083
2908 2394.6188
2909 2392.9634
2910 2393.7361
2911 2395.8193
2912 2396.4520
2913 2398.7057
2914 2399.4915
2915 2401.0827
2916 2401.1046
2917 2403.3958
2918 2404.4511
2919 2406.5508
2920 2406.8502
2921 2408.0153
2922 2407.5161
2923 2407.9384
2924 2409.2065
2925 2411.1699
2926 2410.8918
2927 2413.6422
2928 2416.0006
2929 2418.2338
2930 2416.9250
2931 2419.4670
2932 2419.9165
2933 2423.4097
2934 2424.0748
2935 2425.9387
2936 2425.5395
2937 2425.2480
2938 2424.8117
2939 2424.4648
2940 2425.7359
2941 2428.3751
2942 2427.8909
2943 2428.6796
2944 2430.2990
2945 2429.4299
2946 2429.8020
2947 2430.8979
2948 2430.6913
2949 2432.7171
2950 2433.9950
2951 2434.4514
2952 2437.0958
2953 2438.7548
2954 2442.0419
2955 2439.9994
2956 2441.4763
2957 2441.5978
2958 2443.6859
2959 2444.4960
2960 2445.0088
2961 2447.1071
2962 2447.7913
2963 2448.3362
2964 2448.2353
2965 2449.0717
2966 2450.3267
2967 2450.7512
2968 2453.3845
2969 2453.6345
2970 2453.7711
2971 2455.2405
2972 2456.0780
2973 2457.4834
2974 2458.5428
2975 2459.4085
2976 2461.0394
2977 2462.0077
2978 2463.0054
2979 2464.7482
2980 2465.8064
2981 2466.7158
2982 2464.9635
2983 2466.5523
2984 2466.7274
2985 2467.1240
2986 2469.1547
2987 2469.5311
2988 2470.2340
2989 2471.6913
2990 2472.0937
2991 2472.9245
2992 2472.5955
2993 2471.5665
2994 2472.9387
2995 2476.3545
2996 2476.2714
2997 2479.2159
2998 2480.1354
2999 2482.6784
3000 2486.0278
